% Yield (g): 16667.8
% Batch time (h): 54
%
% 1 - Time
% 2 - Cell mass concentration (g/l)
% 3 - Substrate concentration (g/l)
% 4 - Product concentration (g/l)
% 5 - Broth volume (l)
% 6 - Specific growth rate
% 7 - Specific productivity
% 8 - Feed rate -control- (g/l)

0 1 150 0 10 0.407402 0.997075 0.600427
0.054 1.01889 149.779 0.0542405 10.0326 0.406025 0.996315 0.606377
0.189248 1.06732 149.213 0.193623 10.1156 0.402528 0.994367 0.621285
0.325239 1.11765 148.626 0.338946 10.2011 0.398946 0.992344 0.636282
0.462018 1.16994 148.02 0.490448 10.2892 0.395278 0.990244 0.651373
0.599686 1.22425 147.391 0.648446 10.3799 0.391524 0.988063 0.666568
0.738355 1.28068 146.741 0.813283 10.4734 0.387683 0.985797 0.681881
0.878147 1.3393 146.068 0.985335 10.5698 0.383754 0.983444 0.697325
1.01919 1.40022 145.371 1.16501 10.6692 0.379734 0.980998 0.712914
1.16164 1.46353 144.648 1.35277 10.7719 0.375622 0.978455 0.728664
1.30564 1.52934 143.899 1.54909 10.878 0.371417 0.97581 0.744593
1.45139 1.59779 143.123 1.75456 10.9877 0.367116 0.973057 0.760722
1.59907 1.66902 142.318 1.96977 11.1012 0.362716 0.97019 0.777072
1.74892 1.74317 141.482 2.19544 11.2189 0.358214 0.967201 0.793668
1.90119 1.82043 140.613 2.43236 11.3411 0.353606 0.964083 0.81054
2.05619 1.901 139.71 2.68145 11.468 0.348888 0.960827 0.827721
2.21426 1.98513 138.769 2.94378 11.6003 0.344053 0.957421 0.84525
2.37583 2.0731 137.788 3.22061 11.7383 0.339094 0.953852 0.863174
2.5414 2.16526 136.763 3.51343 11.8827 0.334001 0.950106 0.88155
2.71161 2.26203 135.689 3.82412 12.0344 0.328763 0.946163 0.900448
2.88726 2.36396 134.561 4.155 12.1942 0.323361 0.941999 0.919957
3.06942 2.47177 133.371 4.50913 12.3637 0.317773 0.937583 0.940199
3.25959 2.58647 132.107 4.89069 12.5445 0.311964 0.932871 0.961339
3.46001 2.70957 130.754 5.3058 12.7394 0.305881 0.927797 0.983627
3.67441 2.84357 129.285 5.76445 12.9528 0.299429 0.922254 1.00748
3.91025 2.99348 127.645 6.28612 13.1935 0.292414 0.916029 1.03373
4.18996 3.17427 125.672 6.92762 13.487 0.284225 0.908488 1.06488
4.44512 3.34161 123.85 7.53377 13.7624 0.276897 0.901474 1.0933
4.7082 3.51614 121.954 8.17897 14.0538 0.269501 0.894125 1.12263
4.94843 3.67692 120.211 8.78539 14.3267 0.2629 0.887325 1.14941
5.1778 3.83141 118.538 9.3792 14.5933 0.256742 0.880765 1.175
5.40168 3.98286 116.901 9.97212 14.8592 0.250874 0.87431 1.19997
5.62271 4.13278 115.283 10.5698 15.1271 0.245224 0.867897 1.22464
5.8425 4.28206 113.673 11.1758 15.399 0.23975 0.861489 1.24918
6.06224 4.43127 112.066 11.7926 15.6762 0.234423 0.855063 1.27371
6.28283 4.58086 110.457 12.4221 15.9599 0.229224 0.8486 1.29835
6.50505 4.73116 108.842 13.0663 16.2511 0.224137 0.842087 1.32317
6.72956 4.88244 107.218 13.7266 16.551 0.219152 0.835512 1.34826
6.95703 5.03495 105.581 14.4046 16.8606 0.214258 0.828865 1.37368
7.18806 5.18891 103.931 15.1018 17.181 0.209448 0.822137 1.3995
7.42329 5.34454 102.265 15.82 17.5132 0.204714 0.81532 1.42579
7.66336 5.50206 100.579 16.5607 17.8588 0.200049 0.808403 1.45263
7.90897 5.66168 98.872 17.3259 18.2189 0.195449 0.801379 1.48008
8.16085 5.82366 97.1411 18.1176 18.5953 0.190906 0.794237 1.50825
8.41983 5.98825 95.3835 18.938 18.9896 0.186415 0.786967 1.5372
8.68686 6.15576 93.596 19.7899 19.4041 0.18197 0.779554 1.56706
8.96299 6.32654 91.7746 20.6763 19.8411 0.177564 0.771986 1.59794
9.24951 6.50102 89.9151 21.6008 20.3035 0.173189 0.764245 1.62997
9.54794 6.6797 88.0118 22.568 20.7949 0.168838 0.756308 1.66334
9.86016 6.86326 86.0579 23.5832 21.3197 0.164498 0.748148 1.69824
10.1886 7.05253 84.0444 24.6537 21.8834 0.160157 0.739729 1.73495
10.5363 7.24869 81.9588 25.7889 22.4935 0.155796 0.731 1.77381
10.9079 7.45342 79.7836 27.0021 23.1604 0.151389 0.721891 1.81533
11.3101 7.66934 77.4908 28.314 23.8995 0.146895 0.712288 1.86025
11.7543 7.9011 75.0316 29.7596 24.7369 0.142242 0.70199 1.90984
12.2651 8.159 72.297 31.4149 25.7269 0.13726 0.690546 1.96682
12.939 8.48573 68.8358 33.5842 27.0776 0.131235 0.676085 2.04195
13.598 8.791 65.6052 35.6854 28.4475 0.12588 0.662624 2.11534
14.1913 9.05442 62.8203 37.5574 29.7221 0.121463 0.651058 2.18133
14.7858 9.30818 60.14 39.4129 31.0386 0.117377 0.639968 2.24739
15.3878 9.55537 57.5316 41.2699 32.4117 0.113552 0.629222 2.31418
16.0088 9.80071 54.9453 43.1615 33.8701 0.109902 0.618621 2.38297
16.6609 10.0485 52.3356 45.1211 35.4474 0.106357 0.607985 2.45509
17.3623 10.3048 49.6402 47.1986 37.1967 0.102838 0.597074 2.53251
18.0358 10.5416 47.1526 49.1638 38.9274 0.099713 0.587077 2.60669
18.7178 10.7729 44.7258 51.1248 40.7307 0.0967756 0.577399 2.68163
19.3638 10.9848 42.5055 52.9559 42.4858 0.0941817 0.568615 2.75244
19.9912 11.1845 40.4158 54.7108 44.2343 0.0918199 0.560411 2.82106
20.6077 11.3752 38.4218 56.413 45.9941 0.0896363 0.552645 2.88831
21.2173 11.559 36.5029 58.0757 47.7753 0.0875982 0.545229 2.95465
21.8226 11.7371 34.6462 59.7066 49.5835 0.0856835 0.538108 3.02034
22.4246 11.9101 32.8434 61.3102 51.4215 0.0838773 0.531245 3.08549
23.0237 12.0787 31.0897 62.8878 53.2892 0.082169 0.524618 3.15014
23.6191 12.2429 29.3834 64.4389 55.1839 0.0805517 0.518212 3.2142
24.2094 12.4026 27.7252 65.9606 57.1 0.079021 0.512023 3.27753
24.7924 12.5576 26.1179 67.448 59.0291 0.0775749 0.506055 3.33989
25.3653 12.7074 24.5661 68.8952 60.9597 0.0762123 0.500316 3.40096
25.9247 12.8515 23.0749 70.2949 62.8789 0.0749331 0.494814 3.46041
26.4674 12.9894 21.6497 71.6407 64.7727 0.0737367 0.489559 3.51792
26.9907 13.1206 20.2945 72.9267 66.6282 0.0726215 0.484555 3.57319
27.4925 13.245 19.0117 74.1492 68.4343 0.0715849 0.479801 3.62602
27.9714 13.3623 17.8019 75.3062 70.1827 0.0706229 0.475289 3.67629
28.4268 13.4728 16.6639 76.3977 71.8678 0.0697305 0.471006 3.72396
28.8588 13.5765 15.5954 77.425 73.4865 0.0689023 0.466934 3.76906
29.2663 13.6736 14.5972 78.3863 75.031 0.0681357 0.46307 3.81148
29.6505 13.7643 13.6645 79.2857 76.5031 0.0674242 0.45939 3.85137
30.0128 13.8491 12.7925 80.1272 77.9051 0.0667619 0.455871 3.88889
30.3545 13.9285 11.9768 80.9147 79.2401 0.0661432 0.452491 3.9242
30.677 14.0029 11.2132 81.6519 80.5108 0.0655634 0.449229 3.95745
30.9814 14.0726 10.498 82.3422 81.7201 0.0650179 0.446066 3.98876
31.2688 14.1379 9.82764 82.9886 82.8711 0.064503 0.442984 4.01827
31.5405 14.1992 9.19907 83.5942 83.9664 0.0640151 0.439966 4.04611
31.7973 14.2567 8.60937 84.1615 85.009 0.0635508 0.436996 4.07238
32.0403 14.3107 8.0559 84.6931 86.0015 0.0631073 0.434059 4.09718
32.2703 14.3614 7.53623 85.1912 86.9465 0.0626817 0.43114 4.12062
32.4881 14.409 7.04811 85.6579 87.8465 0.0622716 0.428223 4.14279
32.6946 14.4538 6.58945 86.0953 88.704 0.0618745 0.425295 4.16376
32.8904 14.4959 6.15835 86.5051 89.5213 0.061488 0.422342 4.18363
33.0763 14.5354 5.75298 86.8892 90.3008 0.06111 0.419347 4.20247
33.253 14.5727 5.37166 87.2491 91.0448 0.0607382 0.416297 4.22034
33.421 14.6077 5.01282 87.5863 91.7555 0.0603704 0.413175 4.23732
33.5811 14.6407 4.67494 87.9024 92.4351 0.0600044 0.409965 4.25348
33.7338 14.6718 4.35659 88.1986 93.0858 0.059638 0.406648 4.26887
33.8798 14.7011 4.0564 88.4763 93.71 0.0592686 0.403205 4.28357
34.0196 14.7287 3.773 88.7369 94.31 0.0588936 0.399612 4.29763
34.154 14.7549 3.50502 88.9815 94.8884 0.0585099 0.395843 4.31114
34.2834 14.7796 3.25138 89.2112 95.4473 0.0581144 0.391867 4.32413
34.4083 14.803 3.01155 89.4264 95.9878 0.0577045 0.387663 4.33665
34.5294 14.8252 2.7839 89.6288 96.5137 0.0572751 0.383182 4.34878
34.648 14.8464 2.56634 89.82 97.0302 0.0568189 0.37835 4.36065
34.7661 14.867 2.35563 90.0027 97.5462 0.0563231 0.373039 4.37247
34.8884 14.8875 2.14488 90.1827 98.0814 0.0557597 0.366948 4.38468
34.9832 14.9028 1.98713 90.3152 98.4975 0.0552819 0.36176 4.39415
35.0714 14.9166 1.84531 90.4323 98.8857 0.0548013 0.356531 4.40295
35.1513 14.9286 1.72153 90.5328 99.2377 0.0543335 0.351444 4.41091
35.2322 14.9403 1.6011 90.6286 99.5947 0.0538259 0.34594 4.41897
35.3054 14.9504 1.49665 90.71 99.9185 0.0533352 0.340642 4.42626
35.3725 14.9593 1.40503 90.7797 100.216 0.0528586 0.335524 4.43294
35.4348 14.9671 1.32369 90.8402 100.492 0.0523928 0.330555 4.43914
35.4933 14.9742 1.25089 90.8929 100.752 0.0519362 0.325719 4.44496
35.5486 14.9805 1.18534 90.939 100.998 0.0514879 0.321007 4.45045
35.6012 14.9862 1.12615 90.9795 101.232 0.0510485 0.316425 4.45567
35.6512 14.9913 1.07262 91.0148 101.455 0.0506187 0.311981 4.46064
35.6992 14.996 1.02403 91.0458 101.669 0.0501987 0.307676 4.46541
35.7454 15.0002 0.97982 91.0729 101.876 0.0497887 0.303509 4.46999
35.79 15.004 0.939495 91.0965 102.075 0.0493891 0.299481 4.47442
35.8334 15.0075 0.90265 91.1169 102.269 0.0490001 0.295595 4.47871
35.8756 15.0107 0.868935 91.1347 102.458 0.0486223 0.291852 4.4829
35.9168 15.0136 0.838047 91.1498 102.643 0.0482561 0.288253 4.48698
35.9572 15.0163 0.809722 91.1627 102.825 0.0479019 0.2848 4.49099
35.997 15.0187 0.783729 91.1735 103.003 0.04756 0.281494 4.49492
36.0361 15.0209 0.759863 91.1824 103.18 0.0472309 0.278336 4.4988
36.0749 15.023 0.737939 91.1896 103.354 0.0469148 0.275324 4.50263
36.1132 15.0248 0.717794 91.1951 103.527 0.046612 0.272458 4.50643
36.1513 15.0265 0.69928 91.1991 103.698 0.0463226 0.269738 4.51019
36.1892 15.028 0.682264 91.2017 103.869 0.0460466 0.26716 4.51394
36.227 15.0295 0.666623 91.203 104.04 0.0457841 0.264723 4.51768
36.2648 15.0307 0.652246 91.2031 104.211 0.045535 0.262423 4.52142
36.3027 15.0319 0.639032 91.2021 104.382 0.0452992 0.260256 4.52515
36.3406 15.033 0.626886 91.2 104.554 0.0450764 0.25822 4.5289
36.3788 15.0339 0.615721 91.1969 104.727 0.0448664 0.256308 4.53267
36.4172 15.0348 0.605458 91.1928 104.901 0.0446687 0.254516 4.53646
36.4559 15.0356 0.596022 91.1879 105.077 0.0444831 0.252839 4.54028
36.495 15.0363 0.587342 91.1821 105.254 0.044309 0.251271 4.54413
36.5345 15.0369 0.579356 91.1754 105.434 0.0441459 0.249806 4.54803
36.5745 15.0375 0.572001 91.168 105.616 0.0439933 0.248439 4.55197
36.6151 15.038 0.565223 91.1599 105.801 0.0438505 0.247163 4.55597
36.6562 15.0385 0.558967 91.151 105.988 0.0437171 0.245971 4.56002
36.6981 15.0389 0.553184 91.1414 106.179 0.0435923 0.244858 4.56415
36.7407 15.0392 0.547829 91.1311 106.374 0.0434756 0.243818 4.56834
36.784 15.0395 0.542858 91.1202 106.572 0.0433662 0.242844 4.57261
36.8283 15.0398 0.538231 91.1086 106.774 0.0432636 0.24193 4.57696
36.8734 15.0401 0.533909 91.0963 106.981 0.0431672 0.241071 4.5814
36.9196 15.0403 0.529858 91.0834 107.193 0.0430763 0.24026 4.58594
36.9668 15.0405 0.526045 91.0699 107.409 0.0429903 0.239492 4.59058
37.0151 15.0407 0.522439 91.0557 107.631 0.0429087 0.238763 4.59532
37.0647 15.0408 0.519012 91.0409 107.859 0.0428308 0.238066 4.60019
37.1155 15.0409 0.515737 91.0254 108.093 0.0427562 0.237397 4.60517
37.1676 15.041 0.512591 91.0093 108.333 0.0426843 0.236751 4.61029
37.2211 15.0411 0.509552 90.9924 108.58 0.0426147 0.236125 4.61554
37.2761 15.0412 0.506598 90.9749 108.834 0.0425469 0.235515 4.62093
37.3327 15.0413 0.503713 90.9567 109.095 0.0424804 0.234915 4.62647
37.3908 15.0413 0.500879 90.9378 109.365 0.042415 0.234325 4.63216
37.4506 15.0414 0.498082 90.9181 109.642 0.0423502 0.233739 4.63802
37.5121 15.0414 0.495311 90.8977 109.927 0.0422858 0.233157 4.64403
37.5752 15.0415 0.492554 90.8766 110.22 0.0422215 0.232575 4.6502
37.6401 15.0415 0.489805 90.8548 110.522 0.0421571 0.231992 4.65654
37.7065 15.0415 0.487056 90.8322 110.832 0.0420924 0.231406 4.66304
37.7746 15.0415 0.484305 90.8089 111.149 0.0420273 0.230817 4.66968
37.8441 15.0416 0.481551 90.7849 111.474 0.0419617 0.230224 4.67647
37.9151 15.0416 0.478792 90.7604 111.806 0.0418957 0.229627 4.68338
37.9872 15.0416 0.476033 90.7352 112.144 0.0418292 0.229027 4.69041
38.0604 15.0416 0.473274 90.7095 112.488 0.0417624 0.228424 4.69754
38.1345 15.0416 0.470521 90.6833 112.836 0.0416952 0.227819 4.70475
38.2093 15.0416 0.467778 90.6567 113.188 0.0416278 0.227212 4.71203
38.2846 15.0416 0.465048 90.6298 113.544 0.0415603 0.226605 4.71936
38.3604 15.0416 0.462335 90.6026 113.902 0.0414927 0.225998 4.72672
38.4365 15.0416 0.459642 90.5751 114.262 0.0414251 0.225393 4.73411
38.5128 15.0415 0.456972 90.5473 114.623 0.0413577 0.224789 4.74151
38.5892 15.0415 0.454326 90.5194 114.986 0.0412904 0.224187 4.74892
38.6656 15.0415 0.451706 90.4913 115.349 0.0412233 0.223588 4.75633
38.7421 15.0415 0.449113 90.4631 115.713 0.0411564 0.222992 4.76374
38.8185 15.0415 0.446547 90.4347 116.077 0.0410897 0.222398 4.77114
38.8949 15.0415 0.444009 90.4063 116.442 0.0410233 0.221808 4.77853
38.9712 15.0415 0.4415 90.3777 116.807 0.0409572 0.221221 4.7859
39.0474 15.0414 0.439018 90.349 117.172 0.0408914 0.220638 4.79326
39.1235 15.0414 0.436564 90.3202 117.537 0.0408258 0.220058 4.80061
39.1995 15.0414 0.434137 90.2914 117.902 0.0407606 0.219482 4.80794
39.2753 15.0414 0.431738 90.2624 118.267 0.0406956 0.218908 4.81526
39.3511 15.0414 0.429365 90.2334 118.632 0.0406309 0.218339 4.82256
39.4267 15.0413 0.427019 90.2043 118.997 0.0405666 0.217773 4.82984
39.5021 15.0413 0.424699 90.1751 119.361 0.0405025 0.21721 4.8371
39.5775 15.0413 0.422405 90.1459 119.726 0.0404387 0.21665 4.84435
39.6527 15.0413 0.420136 90.1166 120.091 0.0403752 0.216094 4.85158
39.7278 15.0412 0.417892 90.0872 120.456 0.040312 0.215541 4.8588
39.8028 15.0412 0.415672 90.0578 120.82 0.040249 0.214992 4.86599
39.8776 15.0412 0.413476 90.0283 121.185 0.0401864 0.214445 4.87317
39.9524 15.0411 0.411304 89.9987 121.549 0.040124 0.213902 4.88034
40.027 15.0411 0.409156 89.9691 121.913 0.0400619 0.213362 4.88749
40.1014 15.0411 0.40703 89.9395 122.278 0.04 0.212826 4.89462
40.1758 15.041 0.404927 89.9097 122.642 0.0399385 0.212292 4.90173
40.25 15.041 0.402845 89.88 123.006 0.0398772 0.211761 4.90883
40.3241 15.041 0.400786 89.8502 123.37 0.0398162 0.211234 4.91592
40.3981 15.0409 0.398748 89.8203 123.734 0.0397554 0.21071 4.92298
40.472 15.0409 0.396731 89.7904 124.098 0.0396949 0.210188 4.93004
40.5457 15.0409 0.394735 89.7604 124.462 0.0396346 0.20967 4.93707
40.6194 15.0408 0.39276 89.7304 124.826 0.0395747 0.209154 4.94409
40.6929 15.0408 0.390804 89.7003 125.189 0.0395149 0.208641 4.9511
40.7663 15.0408 0.388868 89.6702 125.553 0.0394554 0.208132 4.95809
40.8396 15.0407 0.386952 89.6401 125.917 0.0393962 0.207625 4.96507
40.9128 15.0407 0.385055 89.6099 126.28 0.0393372 0.207121 4.97203
40.9859 15.0406 0.383177 89.5797 126.644 0.0392785 0.20662 4.97897
41.0589 15.0406 0.381317 89.5494 127.008 0.03922 0.206121 4.9859
41.1317 15.0406 0.379476 89.5191 127.371 0.0391617 0.205625 4.99282
41.2045 15.0405 0.377652 89.4888 127.735 0.0391037 0.205132 4.99972
41.2771 15.0405 0.375847 89.4584 128.098 0.0390459 0.204642 5.00661
41.3497 15.0404 0.374059 89.428 128.462 0.0389883 0.204154 5.01348
41.4221 15.0404 0.372288 89.3976 128.825 0.038931 0.203669 5.02034
41.4944 15.0404 0.370534 89.3671 129.188 0.0388739 0.203187 5.02718
41.5667 15.0403 0.368797 89.3367 129.552 0.038817 0.202707 5.03401
41.6388 15.0403 0.367076 89.3061 129.915 0.0387604 0.20223 5.04083
41.7108 15.0402 0.365371 89.2756 130.278 0.038704 0.201755 5.04763
41.7827 15.0402 0.363683 89.245 130.642 0.0386478 0.201283 5.05442
41.8546 15.0401 0.36201 89.2144 131.005 0.0385918 0.200813 5.06119
41.9263 15.0401 0.360353 89.1838 131.368 0.038536 0.200346 5.06796
41.9979 15.04 0.358711 89.1532 131.731 0.0384805 0.199881 5.0747
42.0695 15.04 0.357084 89.1225 132.095 0.0384252 0.199419 5.08144
42.1409 15.0399 0.355472 89.0918 132.458 0.03837 0.198959 5.08816
42.2122 15.0399 0.353874 89.0611 132.821 0.0383151 0.198501 5.09487
42.2835 15.0399 0.352291 89.0304 133.184 0.0382604 0.198046 5.10157
42.3547 15.0398 0.350723 88.9996 133.548 0.038206 0.197593 5.10825
42.4257 15.0398 0.349168 88.9689 133.911 0.0381517 0.197143 5.11492
42.4967 15.0397 0.347627 88.9381 134.274 0.0380976 0.196694 5.12158
42.5676 15.0397 0.3461 88.9073 134.637 0.0380437 0.196248 5.12822
42.6384 15.0396 0.344587 88.8765 135.001 0.0379901 0.195805 5.13485
42.7091 15.0396 0.343086 88.8456 135.364 0.0379366 0.195363 5.14147
42.7797 15.0395 0.341599 88.8148 135.727 0.0378833 0.194924 5.14808
42.8502 15.0395 0.340125 88.784 136.09 0.0378302 0.194487 5.15467
42.9206 15.0394 0.338663 88.7531 136.454 0.0377773 0.194052 5.16125
42.991 15.0394 0.337214 88.7222 136.817 0.0377246 0.193619 5.16783
43.0612 15.0393 0.335778 88.6913 137.18 0.0376721 0.193189 5.17438
43.1314 15.0393 0.334354 88.6604 137.544 0.0376198 0.19276 5.18093
43.2015 15.0392 0.332942 88.6295 137.907 0.0375677 0.192334 5.18746
43.2715 15.0392 0.331541 88.5986 138.271 0.0375158 0.19191 5.19399
43.3414 15.0391 0.330153 88.5677 138.634 0.037464 0.191488 5.2005
43.4113 15.0391 0.328776 88.5367 138.997 0.0374125 0.191068 5.20699
43.481 15.039 0.327411 88.5058 139.361 0.0373611 0.190649 5.21348
43.5507 15.039 0.326057 88.4748 139.724 0.0373099 0.190233 5.21996
43.6203 15.0389 0.324714 88.4439 140.088 0.0372589 0.189819 5.22642
43.6899 15.0389 0.323382 88.4129 140.452 0.037208 0.189407 5.23287
43.7593 15.0388 0.322062 88.382 140.815 0.0371574 0.188997 5.23932
43.8287 15.0388 0.320752 88.351 141.179 0.0371069 0.188589 5.24575
43.8979 15.0387 0.319452 88.32 141.543 0.0370566 0.188183 5.25216
43.9672 15.0387 0.318163 88.2891 141.906 0.0370064 0.187779 5.25857
44.0363 15.0386 0.316885 88.2581 142.27 0.0369565 0.187376 5.26497
44.1053 15.0385 0.315616 88.2271 142.634 0.0369067 0.186976 5.27136
44.1743 15.0385 0.314358 88.1961 142.998 0.0368571 0.186577 5.27773
44.2432 15.0384 0.31311 88.1652 143.361 0.0368076 0.186181 5.28409
44.3121 15.0384 0.311872 88.1342 143.725 0.0367583 0.185786 5.29045
44.3808 15.0383 0.310643 88.1032 144.089 0.0367092 0.185393 5.29679
44.4495 15.0383 0.309424 88.0723 144.453 0.0366603 0.185001 5.30312
44.5181 15.0382 0.308215 88.0413 144.818 0.0366115 0.184612 5.30944
44.5867 15.0382 0.307014 88.0103 145.182 0.0365628 0.184224 5.31576
44.6551 15.0381 0.305824 87.9793 145.546 0.0365144 0.183839 5.32206
44.7235 15.0381 0.304642 87.9484 145.91 0.0364661 0.183454 5.32835
44.7918 15.038 0.303469 87.9174 146.274 0.0364179 0.183072 5.33463
44.8601 15.038 0.302306 87.8865 146.639 0.03637 0.182691 5.3409
44.9283 15.0379 0.301151 87.8555 147.003 0.0363221 0.182313 5.34715
44.9964 15.0379 0.300005 87.8246 147.368 0.0362745 0.181935 5.3534
45.0645 15.0378 0.298868 87.7936 147.732 0.036227 0.18156 5.35964
45.1325 15.0377 0.297739 87.7627 148.097 0.0361796 0.181186 5.36587
45.2004 15.0377 0.296618 87.7318 148.461 0.0361324 0.180814 5.37209
45.2682 15.0376 0.295506 87.7008 148.826 0.0360853 0.180443 5.3783
45.336 15.0376 0.294403 87.6699 149.191 0.0360384 0.180075 5.3845
45.4037 15.0375 0.293307 87.639 149.556 0.0359917 0.179707 5.39069
45.4714 15.0375 0.292219 87.6081 149.921 0.0359451 0.179342 5.39687
45.539 15.0374 0.29114 87.5772 150.286 0.0358986 0.178978 5.40304
45.6065 15.0374 0.290068 87.5463 150.651 0.0358523 0.178615 5.4092
45.674 15.0373 0.289004 87.5155 151.016 0.0358062 0.178255 5.41535
45.7414 15.0373 0.287948 87.4846 151.381 0.0357601 0.177895 5.42149
45.8087 15.0372 0.2869 87.4538 151.746 0.0357143 0.177538 5.42763
45.876 15.0372 0.285858 87.4229 152.112 0.0356685 0.177182 5.43375
45.9432 15.0371 0.284825 87.3921 152.477 0.035623 0.176827 5.43986
46.0103 15.037 0.283799 87.3613 152.842 0.0355775 0.176474 5.44597
46.0774 15.037 0.28278 87.3304 153.208 0.0355322 0.176122 5.45206
46.1445 15.0369 0.281768 87.2996 153.574 0.0354871 0.175772 5.45815
46.2114 15.0369 0.280763 87.2688 153.939 0.035442 0.175424 5.46422
46.2783 15.0368 0.279766 87.2381 154.305 0.0353972 0.175077 5.47029
46.3452 15.0368 0.278775 87.2073 154.671 0.0353524 0.174731 5.47635
46.412 15.0367 0.277792 87.1766 155.037 0.0353078 0.174387 5.4824
46.4787 15.0367 0.276815 87.1458 155.403 0.0352633 0.174044 5.48844
46.5454 15.0366 0.275845 87.1151 155.769 0.035219 0.173703 5.49447
46.612 15.0366 0.274881 87.0844 156.136 0.0351748 0.173363 5.50049
46.6786 15.0365 0.273925 87.0537 156.502 0.0351307 0.173025 5.50651
46.7451 15.0365 0.272974 87.023 156.868 0.0350868 0.172688 5.51251
46.8115 15.0364 0.272031 86.9923 157.235 0.035043 0.172352 5.51851
46.8779 15.0363 0.271093 86.9617 157.601 0.0349993 0.172018 5.5245
46.9443 15.0363 0.270162 86.931 157.968 0.0349557 0.171685 5.53048
47.0105 15.0362 0.269237 86.9004 158.335 0.0349123 0.171354 5.53645
47.0768 15.0362 0.268319 86.8698 158.702 0.034869 0.171024 5.54241
47.1429 15.0361 0.267406 86.8392 159.069 0.0348259 0.170695 5.54836
47.2091 15.0361 0.2665 86.8086 159.436 0.0347828 0.170367 5.55431
47.2751 15.036 0.2656 86.7781 159.803 0.0347399 0.170041 5.56024
47.3412 15.036 0.264706 86.7475 160.17 0.0346972 0.169717 5.56617
47.4071 15.0359 0.263817 86.717 160.538 0.0346545 0.169393 5.57209
47.473 15.0359 0.262934 86.6865 160.905 0.034612 0.169071 5.578
47.5389 15.0358 0.262058 86.656 161.273 0.0345696 0.16875 5.58391
47.6047 15.0357 0.261187 86.6255 161.64 0.0345273 0.168431 5.5898
47.6704 15.0357 0.260321 86.595 162.008 0.0344851 0.168112 5.59569
47.7361 15.0356 0.259461 86.5646 162.376 0.0344431 0.167795 5.60157
47.8018 15.0356 0.258607 86.5342 162.744 0.0344011 0.16748 5.60744
47.8674 15.0355 0.257758 86.5038 163.112 0.0343593 0.167165 5.6133
47.933 15.0355 0.256915 86.4734 163.48 0.0343176 0.166852 5.61916
47.9985 15.0354 0.256077 86.443 163.848 0.0342761 0.16654 5.62501
48.0639 15.0354 0.255244 86.4127 164.217 0.0342346 0.166229 5.63085
48.1293 15.0353 0.254417 86.3823 164.585 0.0341933 0.16592 5.63668
48.1947 15.0353 0.253595 86.352 164.954 0.0341521 0.165611 5.6425
48.26 15.0352 0.252778 86.3217 165.322 0.034111 0.165304 5.64832
48.3253 15.0352 0.251966 86.2915 165.691 0.03407 0.164998 5.65413
48.3905 15.0351 0.251159 86.2612 166.06 0.0340291 0.164694 5.65993
48.4556 15.035 0.250358 86.231 166.429 0.0339884 0.16439 5.66572
48.5208 15.035 0.249561 86.2008 166.798 0.0339477 0.164088 5.6715
48.5858 15.0349 0.248769 86.1706 167.168 0.0339072 0.163786 5.67728
48.6509 15.0349 0.247982 86.1404 167.537 0.0338668 0.163486 5.68305
48.7159 15.0348 0.2472 86.1102 167.907 0.0338265 0.163188 5.68881
48.7808 15.0348 0.246423 86.0801 168.276 0.0337863 0.16289 5.69457
48.8457 15.0347 0.24565 86.05 168.646 0.0337462 0.162593 5.70032
48.9105 15.0347 0.244882 86.0199 169.016 0.0337062 0.162298 5.70606
48.9753 15.0346 0.244119 85.9898 169.386 0.0336663 0.162003 5.71179
49.0401 15.0346 0.243361 85.9598 169.756 0.0336266 0.16171 5.71752
49.1048 15.0345 0.242607 85.9298 170.126 0.0335869 0.161418 5.72323
49.1695 15.0345 0.241857 85.8998 170.496 0.0335474 0.161127 5.72894
49.2341 15.0344 0.241113 85.8698 170.867 0.0335079 0.160837 5.73465
49.2987 15.0344 0.240372 85.8398 171.237 0.0334686 0.160548 5.74034
49.3632 15.0343 0.239636 85.8099 171.608 0.0334294 0.16026 5.74603
49.4277 15.0343 0.238904 85.78 171.979 0.0333902 0.159973 5.75172
49.4922 15.0342 0.238177 85.7501 172.35 0.0333512 0.159688 5.75739
49.5566 15.0342 0.237454 85.7202 172.721 0.0333123 0.159403 5.76306
49.621 15.0341 0.236735 85.6904 173.092 0.0332735 0.15912 5.76872
49.6853 15.034 0.23602 85.6605 173.463 0.0332348 0.158837 5.77437
49.7496 15.034 0.23531 85.6307 173.835 0.0331962 0.158556 5.78002
49.8139 15.0339 0.234604 85.601 174.206 0.0331577 0.158275 5.78566
49.8781 15.0339 0.233901 85.5712 174.578 0.0331193 0.157996 5.79129
49.9423 15.0338 0.233203 85.5415 174.95 0.033081 0.157718 5.79692
50.0064 15.0338 0.232509 85.5118 175.322 0.0330428 0.15744 5.80254
50.0705 15.0337 0.231819 85.4821 175.694 0.0330047 0.157164 5.80815
50.1345 15.0337 0.231133 85.4524 176.066 0.0329667 0.156889 5.81376
50.1985 15.0336 0.230451 85.4228 176.438 0.0329288 0.156614 5.81935
50.2625 15.0336 0.229772 85.3932 176.811 0.032891 0.156341 5.82495
50.3264 15.0335 0.229098 85.3636 177.183 0.0328533 0.156069 5.83053
50.3903 15.0335 0.228427 85.334 177.556 0.0328156 0.155797 5.83611
50.4542 15.0334 0.22776 85.3045 177.929 0.0327781 0.155527 5.84168
50.518 15.0334 0.227097 85.275 178.302 0.0327407 0.155257 5.84725
50.5818 15.0333 0.226438 85.2455 178.675 0.0327034 0.154989 5.85281
50.6455 15.0333 0.225782 85.216 179.048 0.0326662 0.154721 5.85836
50.7092 15.0332 0.22513 85.1865 179.422 0.032629 0.154455 5.86391
50.7729 15.0332 0.224482 85.1571 179.795 0.032592 0.154189 5.86944
50.8365 15.0331 0.223837 85.1277 180.169 0.032555 0.153924 5.87498
50.9001 15.0331 0.223196 85.0984 180.543 0.0325182 0.153661 5.8805
50.9637 15.033 0.222558 85.069 180.917 0.0324814 0.153398 5.88602
51.0272 15.033 0.221924 85.0397 181.291 0.0324448 0.153136 5.89154
51.0907 15.0329 0.221293 85.0104 181.665 0.0324082 0.152875 5.89704
51.1542 15.0329 0.220666 84.9811 182.039 0.0323717 0.152615 5.90254
51.2176 15.0328 0.220042 84.9519 182.414 0.0323353 0.152356 5.90804
51.281 15.0328 0.219421 84.9227 182.788 0.032299 0.152098 5.91353
51.3443 15.0327 0.218804 84.8935 183.163 0.0322628 0.15184 5.91901
51.4076 15.0327 0.21819 84.8643 183.538 0.0322267 0.151584 5.92449
51.4709 15.0326 0.21758 84.8351 183.913 0.0321906 0.151328 5.92995
51.5342 15.0326 0.216973 84.806 184.288 0.0321547 0.151073 5.93542
51.5974 15.0325 0.216369 84.7769 184.664 0.0321188 0.15082 5.94087
51.6605 15.0325 0.215768 84.7479 185.039 0.0320831 0.150567 5.94633
51.7237 15.0324 0.215171 84.7188 185.415 0.0320474 0.150315 5.95177
51.7868 15.0324 0.214576 84.6898 185.791 0.0320118 0.150063 5.95721
51.8499 15.0323 0.213985 84.6608 186.166 0.0319763 0.149813 5.96264
51.9129 15.0323 0.213397 84.6319 186.543 0.0319409 0.149563 5.96807
51.9759 15.0322 0.212812 84.6029 186.919 0.0319056 0.149315 5.97349
52.0389 15.0322 0.21223 84.574 187.295 0.0318703 0.149067 5.9789
52.1018 15.0321 0.211651 84.5451 187.672 0.0318351 0.14882 5.98431
52.1648 15.0321 0.211075 84.5163 188.048 0.0318001 0.148574 5.98972
52.2276 15.032 0.210502 84.4874 188.425 0.0317651 0.148329 5.99511
52.2905 15.032 0.209933 84.4586 188.802 0.0317302 0.148084 6.0005
52.3533 15.0319 0.209366 84.4298 189.179 0.0316953 0.14784 6.00589
52.4161 15.0319 0.208802 84.4011 189.556 0.0316606 0.147597 6.01127
52.4788 15.0318 0.208241 84.3723 189.934 0.031626 0.147355 6.01664
52.5416 15.0318 0.207682 84.3436 190.311 0.0315914 0.147114 6.02201
52.6043 15.0317 0.207127 84.315 190.689 0.0315569 0.146874 6.02737
52.6669 15.0317 0.206574 84.2863 191.067 0.0315225 0.146634 6.03273
52.7296 15.0316 0.206025 84.2577 191.445 0.0314881 0.146395 6.03808
52.7922 15.0316 0.205478 84.2291 191.823 0.0314539 0.146157 6.04342
52.8547 15.0315 0.204934 84.2005 192.202 0.0314197 0.14592 6.04876
52.9173 15.0315 0.204392 84.172 192.58 0.0313856 0.145683 6.0541
52.9798 15.0314 0.203854 84.1435 192.959 0.0313516 0.145448 6.05942
53.0423 15.0314 0.203318 84.115 193.337 0.0313177 0.145213 6.06475
53.1047 15.0313 0.202785 84.0865 193.716 0.0312839 0.144978 6.07006
53.1672 15.0313 0.202254 84.0581 194.095 0.0312501 0.144745 6.07537
53.2296 15.0312 0.201726 84.0297 194.475 0.0312164 0.144512 6.08068
53.2919 15.0312 0.201201 84.0013 194.854 0.0311828 0.14428 6.08598
53.3543 15.0312 0.200678 83.9729 195.234 0.0311492 0.144049 6.09127
53.4166 15.0311 0.200158 83.9446 195.613 0.0311158 0.143819 6.09656
53.4789 15.0311 0.19964 83.9163 195.993 0.0310824 0.143589 6.10184
53.5411 15.031 0.199125 83.888 196.373 0.0310491 0.14336 6.10712
53.6033 15.031 0.198613 83.8598 196.753 0.0310159 0.143132 6.11239
53.6655 15.0309 0.198103 83.8316 197.134 0.0309827 0.142905 6.11766
53.7277 15.0309 0.197595 83.8034 197.514 0.0309497 0.142678 6.12292
53.7899 15.0308 0.19709 83.7752 197.895 0.0309167 0.142452 6.12818
53.852 15.0308 0.196588 83.7471 198.276 0.0308837 0.142227 6.13343
53.9141 15.0307 0.196088 83.719 198.657 0.0308509 0.142002 6.13868
53.9761 15.0307 0.19559 83.6909 199.038 0.0308181 0.141778 6.14392
54 15.0307 0.195399 83.6801 199.185 0.0308055 0.141692 6.14593
