% Flood Neural Network. Isoperimetric problem results data file.
% Column data:
%  1 - Independent variable (t)
%  2 - Dependent variable (x)
%  3 - Dependent variable (y)

0 0 0
0.001 0.000924266 -0.000541729
0.002 0.00185301 -0.00107961
0.003 0.0027862 -0.00161366
0.004 0.00372381 -0.00214387
0.005 0.00466582 -0.00267025
0.006 0.0056122 -0.00319281
0.007 0.00656292 -0.00371154
0.008 0.00751796 -0.00422647
0.009 0.00847728 -0.00473758
0.01 0.00944088 -0.00524489
0.011 0.0104087 -0.00574839
0.012 0.0113807 -0.00624811
0.013 0.012357 -0.00674403
0.014 0.0133373 -0.00723617
0.015 0.0143219 -0.00772453
0.016 0.0153105 -0.00820912
0.017 0.0163032 -0.00868994
0.018 0.0172999 -0.009167
0.019 0.0183007 -0.00964029
0.02 0.0193054 -0.0101098
0.021 0.0203142 -0.0105756
0.022 0.0213269 -0.0110377
0.023 0.0223435 -0.011496
0.024 0.023364 -0.0119506
0.025 0.0243884 -0.0124015
0.026 0.0254166 -0.0128486
0.027 0.0264486 -0.013292
0.028 0.0274844 -0.0137317
0.029 0.028524 -0.0141677
0.03 0.0295674 -0.0146001
0.031 0.0306144 -0.0150287
0.032 0.0316651 -0.0154536
0.033 0.0327195 -0.0158749
0.034 0.0337775 -0.0162924
0.035 0.0348391 -0.0167063
0.036 0.0359043 -0.0171166
0.037 0.0369731 -0.0175232
0.038 0.0380454 -0.0179261
0.039 0.0391212 -0.0183254
0.04 0.0402005 -0.018721
0.041 0.0412832 -0.019113
0.042 0.0423694 -0.0195014
0.043 0.043459 -0.0198861
0.044 0.0445519 -0.0202672
0.045 0.0456482 -0.0206447
0.046 0.0467478 -0.0210187
0.047 0.0478507 -0.021389
0.048 0.0489569 -0.0217557
0.049 0.0500664 -0.0221188
0.05 0.051179 -0.0224783
0.051 0.0522949 -0.0228343
0.052 0.0534139 -0.0231867
0.053 0.0545361 -0.0235355
0.054 0.0556614 -0.0238808
0.055 0.0567898 -0.0242225
0.056 0.0579213 -0.0245606
0.057 0.0590558 -0.0248952
0.058 0.0601933 -0.0252263
0.059 0.0613338 -0.0255539
0.06 0.0624773 -0.0258779
0.061 0.0636238 -0.0261984
0.062 0.0647732 -0.0265155
0.063 0.0659254 -0.026829
0.064 0.0670805 -0.027139
0.065 0.0682385 -0.0274455
0.066 0.0693993 -0.0277485
0.067 0.0705629 -0.0280481
0.068 0.0717293 -0.0283442
0.069 0.0728984 -0.0286368
0.07 0.0740702 -0.0289259
0.071 0.0752447 -0.0292116
0.072 0.0764219 -0.0294939
0.073 0.0776017 -0.0297727
0.074 0.0787842 -0.0300481
0.075 0.0799692 -0.0303201
0.076 0.0811568 -0.0305886
0.077 0.082347 -0.0308538
0.078 0.0835397 -0.0311155
0.079 0.0847348 -0.0313738
0.08 0.0859325 -0.0316287
0.081 0.0871326 -0.0318803
0.082 0.0883351 -0.0321284
0.083 0.08954 -0.0323732
0.084 0.0907473 -0.0326146
0.085 0.091957 -0.0328527
0.086 0.093169 -0.0330874
0.087 0.0943832 -0.0333188
0.088 0.0955998 -0.0335468
0.089 0.0968186 -0.0337715
0.09 0.0980396 -0.0339928
0.091 0.0992628 -0.0342109
0.092 0.100488 -0.0344256
0.093 0.101716 -0.034637
0.094 0.102946 -0.0348452
0.095 0.104177 -0.03505
0.096 0.105411 -0.0352516
0.097 0.106647 -0.0354498
0.098 0.107885 -0.0356449
0.099 0.109125 -0.0358366
0.1 0.110367 -0.0360251
0.101 0.111611 -0.0362103
0.102 0.112857 -0.0363923
0.103 0.114105 -0.0365711
0.104 0.115354 -0.0367466
0.105 0.116606 -0.0369189
0.106 0.117859 -0.0370881
0.107 0.119115 -0.037254
0.108 0.120372 -0.0374166
0.109 0.12163 -0.0375762
0.11 0.122891 -0.0377325
0.111 0.124153 -0.0378856
0.112 0.125417 -0.0380356
0.113 0.126683 -0.0381824
0.114 0.12795 -0.0383261
0.115 0.129219 -0.0384666
0.116 0.13049 -0.038604
0.117 0.131762 -0.0387382
0.118 0.133035 -0.0388693
0.119 0.134311 -0.0389973
0.12 0.135587 -0.0391222
0.121 0.136865 -0.039244
0.122 0.138145 -0.0393627
0.123 0.139426 -0.0394783
0.124 0.140709 -0.0395909
0.125 0.141993 -0.0397003
0.126 0.143278 -0.0398067
0.127 0.144565 -0.03991
0.128 0.145853 -0.0400103
0.129 0.147142 -0.0401076
0.13 0.148433 -0.0402018
0.131 0.149725 -0.040293
0.132 0.151018 -0.0403811
0.133 0.152312 -0.0404663
0.134 0.153607 -0.0405484
0.135 0.154904 -0.0406276
0.136 0.156202 -0.0407038
0.137 0.157501 -0.0407769
0.138 0.158801 -0.0408472
0.139 0.160102 -0.0409144
0.14 0.161404 -0.0409787
0.141 0.162707 -0.0410401
0.142 0.164012 -0.0410985
0.143 0.165317 -0.041154
0.144 0.166623 -0.0412065
0.145 0.16793 -0.0412562
0.146 0.169238 -0.0413029
0.147 0.170547 -0.0413467
0.148 0.171857 -0.0413877
0.149 0.173167 -0.0414257
0.15 0.174479 -0.0414609
0.151 0.175791 -0.0414932
0.152 0.177104 -0.0415227
0.153 0.178418 -0.0415493
0.154 0.179733 -0.041573
0.155 0.181048 -0.0415939
0.156 0.182364 -0.041612
0.157 0.183681 -0.0416273
0.158 0.184998 -0.0416398
0.159 0.186316 -0.0416495
0.16 0.187634 -0.0416563
0.161 0.188954 -0.0416604
0.162 0.190273 -0.0416617
0.163 0.191594 -0.0416603
0.164 0.192914 -0.041656
0.165 0.194236 -0.0416491
0.166 0.195557 -0.0416393
0.167 0.19688 -0.0416269
0.168 0.198202 -0.0416117
0.169 0.199525 -0.0415938
0.17 0.200849 -0.0415732
0.171 0.202173 -0.0415499
0.172 0.203497 -0.0415239
0.173 0.204821 -0.0414952
0.174 0.206146 -0.0414638
0.175 0.207471 -0.0414298
0.176 0.208796 -0.0413931
0.177 0.210122 -0.0413537
0.178 0.211448 -0.0413118
0.179 0.212774 -0.0412671
0.18 0.2141 -0.0412199
0.181 0.215426 -0.04117
0.182 0.216753 -0.0411175
0.183 0.21808 -0.0410625
0.184 0.219406 -0.0410048
0.185 0.220733 -0.0409446
0.186 0.22206 -0.0408818
0.187 0.223387 -0.0408164
0.188 0.224713 -0.0407484
0.189 0.22604 -0.040678
0.19 0.227367 -0.0406049
0.191 0.228694 -0.0405294
0.192 0.230021 -0.0404513
0.193 0.231347 -0.0403707
0.194 0.232674 -0.0402877
0.195 0.234 -0.0402021
0.196 0.235326 -0.040114
0.197 0.236652 -0.0400235
0.198 0.237978 -0.0399305
0.199 0.239303 -0.039835
0.2 0.240629 -0.0397371
0.201 0.241954 -0.0396367
0.202 0.243279 -0.0395339
0.203 0.244603 -0.0394287
0.204 0.245927 -0.0393211
0.205 0.247251 -0.0392111
0.206 0.248575 -0.0390986
0.207 0.249898 -0.0389838
0.208 0.25122 -0.0388666
0.209 0.252543 -0.0387471
0.21 0.253864 -0.0386252
0.211 0.255186 -0.0385009
0.212 0.256507 -0.0383743
0.213 0.257827 -0.0382454
0.214 0.259147 -0.0381141
0.215 0.260466 -0.0379805
0.216 0.261785 -0.0378446
0.217 0.263103 -0.0377064
0.218 0.26442 -0.037566
0.219 0.265737 -0.0374232
0.22 0.267054 -0.0372782
0.221 0.268369 -0.037131
0.222 0.269684 -0.0369814
0.223 0.270998 -0.0368297
0.224 0.272312 -0.0366757
0.225 0.273625 -0.0365195
0.226 0.274937 -0.0363611
0.227 0.276248 -0.0362004
0.228 0.277558 -0.0360376
0.229 0.278868 -0.0358726
0.23 0.280176 -0.0357054
0.231 0.281484 -0.0355361
0.232 0.282791 -0.0353646
0.233 0.284097 -0.0351909
0.234 0.285403 -0.0350152
0.235 0.286707 -0.0348372
0.236 0.28801 -0.0346572
0.237 0.289313 -0.0344751
0.238 0.290614 -0.0342908
0.239 0.291914 -0.0341045
0.24 0.293213 -0.0339161
0.241 0.294512 -0.0337256
0.242 0.295809 -0.0335331
0.243 0.297105 -0.0333385
0.244 0.2984 -0.0331418
0.245 0.299694 -0.0329431
0.246 0.300986 -0.0327424
0.247 0.302278 -0.0325397
0.248 0.303568 -0.032335
0.249 0.304857 -0.0321283
0.25 0.306145 -0.0319196
0.251 0.307432 -0.0317089
0.252 0.308717 -0.0314963
0.253 0.310001 -0.0312817
0.254 0.311284 -0.0310652
0.255 0.312566 -0.0308467
0.256 0.313846 -0.0306263
0.257 0.315125 -0.0304039
0.258 0.316402 -0.0301797
0.259 0.317678 -0.0299536
0.26 0.318953 -0.0297256
0.261 0.320226 -0.0294956
0.262 0.321498 -0.0292639
0.263 0.322768 -0.0290302
0.264 0.324037 -0.0287948
0.265 0.325304 -0.0285574
0.266 0.32657 -0.0283183
0.267 0.327834 -0.0280773
0.268 0.329097 -0.0278345
0.269 0.330358 -0.02759
0.27 0.331618 -0.0273436
0.271 0.332876 -0.0270954
0.272 0.334132 -0.0268455
0.273 0.335386 -0.0265938
0.274 0.336639 -0.0263404
0.275 0.337891 -0.0260852
0.276 0.33914 -0.0258283
0.277 0.340388 -0.0255696
0.278 0.341634 -0.0253093
0.279 0.342879 -0.0250472
0.28 0.344122 -0.0247835
0.281 0.345362 -0.0245181
0.282 0.346601 -0.024251
0.283 0.347839 -0.0239822
0.284 0.349074 -0.0237118
0.285 0.350308 -0.0234397
0.286 0.351539 -0.023166
0.287 0.352769 -0.0228907
0.288 0.353997 -0.0226138
0.289 0.355223 -0.0223352
0.29 0.356447 -0.0220551
0.291 0.357669 -0.0217734
0.292 0.358889 -0.0214901
0.293 0.360107 -0.0212053
0.294 0.361323 -0.0209189
0.295 0.362537 -0.0206309
0.296 0.363749 -0.0203415
0.297 0.364958 -0.0200505
0.298 0.366166 -0.019758
0.299 0.367372 -0.0194639
0.3 0.368575 -0.0191684
0.301 0.369777 -0.0188714
0.302 0.370976 -0.018573
0.303 0.372173 -0.0182731
0.304 0.373368 -0.0179717
0.305 0.374561 -0.0176689
0.306 0.375751 -0.0173646
0.307 0.376939 -0.0170589
0.308 0.378125 -0.0167518
0.309 0.379309 -0.0164434
0.31 0.380491 -0.0161335
0.311 0.38167 -0.0158222
0.312 0.382847 -0.0155096
0.313 0.384021 -0.0151956
0.314 0.385193 -0.0148802
0.315 0.386363 -0.0145635
0.316 0.38753 -0.0142455
0.317 0.388695 -0.0139262
0.318 0.389858 -0.0136055
0.319 0.391018 -0.0132836
0.32 0.392175 -0.0129603
0.321 0.393331 -0.0126358
0.322 0.394483 -0.01231
0.323 0.395633 -0.011983
0.324 0.396781 -0.0116547
0.325 0.397926 -0.0113251
0.326 0.399069 -0.0109944
0.327 0.400209 -0.0106624
0.328 0.401346 -0.0103292
0.329 0.402481 -0.00999481
0.33 0.403613 -0.00965923
0.331 0.404743 -0.00932247
0.332 0.40587 -0.00898454
0.333 0.406994 -0.00864546
0.334 0.408116 -0.00830523
0.335 0.409234 -0.00796387
0.336 0.410351 -0.00762138
0.337 0.411464 -0.00727777
0.338 0.412575 -0.00693305
0.339 0.413683 -0.00658724
0.34 0.414788 -0.00624035
0.341 0.41589 -0.00589238
0.342 0.41699 -0.00554335
0.343 0.418087 -0.00519326
0.344 0.41918 -0.00484213
0.345 0.420271 -0.00448996
0.346 0.42136 -0.00413677
0.347 0.422445 -0.00378257
0.348 0.423527 -0.00342737
0.349 0.424607 -0.00307117
0.35 0.425683 -0.00271399
0.351 0.426757 -0.00235584
0.352 0.427828 -0.00199673
0.353 0.428895 -0.00163667
0.354 0.42996 -0.00127567
0.355 0.431022 -0.000913734
0.356 0.43208 -0.000550881
0.357 0.433136 -0.000187118
0.358 0.434189 0.000177544
0.359 0.435238 0.000543094
0.36 0.436284 0.000909523
0.361 0.437328 0.00127682
0.362 0.438368 0.00164498
0.363 0.439405 0.00201398
0.364 0.440439 0.00238382
0.365 0.44147 0.00275448
0.366 0.442497 0.00312596
0.367 0.443522 0.00349825
0.368 0.444543 0.00387134
0.369 0.445561 0.0042452
0.37 0.446576 0.00461985
0.371 0.447587 0.00499525
0.372 0.448595 0.00537142
0.373 0.4496 0.00574832
0.374 0.450602 0.00612596
0.375 0.4516 0.00650432
0.376 0.452595 0.00688339
0.377 0.453587 0.00726317
0.378 0.454576 0.00764363
0.379 0.455561 0.00802478
0.38 0.456542 0.0084066
0.381 0.45752 0.00878908
0.382 0.458495 0.00917221
0.383 0.459467 0.00955598
0.384 0.460434 0.00994038
0.385 0.461399 0.0103254
0.386 0.46236 0.010711
0.387 0.463318 0.0110972
0.388 0.464272 0.0114841
0.389 0.465222 0.0118714
0.39 0.466169 0.0122594
0.391 0.467113 0.0126479
0.392 0.468053 0.013037
0.393 0.468989 0.0134266
0.394 0.469922 0.0138167
0.395 0.470851 0.0142073
0.396 0.471777 0.0145984
0.397 0.472699 0.0149901
0.398 0.473617 0.0153822
0.399 0.474532 0.0157748
0.4 0.475443 0.0161678
0.401 0.47635 0.0165613
0.402 0.477254 0.0169553
0.403 0.478154 0.0173496
0.404 0.47905 0.0177444
0.405 0.479942 0.0181396
0.406 0.480831 0.0185353
0.407 0.481716 0.0189313
0.408 0.482597 0.0193276
0.409 0.483475 0.0197244
0.41 0.484349 0.0201215
0.411 0.485218 0.0205189
0.412 0.486084 0.0209167
0.413 0.486947 0.0213148
0.414 0.487805 0.0217133
0.415 0.488659 0.022112
0.416 0.48951 0.0225111
0.417 0.490357 0.0229104
0.418 0.491199 0.02331
0.419 0.492038 0.0237099
0.42 0.492873 0.02411
0.421 0.493704 0.0245103
0.422 0.494531 0.0249109
0.423 0.495354 0.0253118
0.424 0.496173 0.0257128
0.425 0.496988 0.0261141
0.426 0.497799 0.0265155
0.427 0.498606 0.0269171
0.428 0.499409 0.0273189
0.429 0.500208 0.0277208
0.43 0.501003 0.0281229
0.431 0.501794 0.0285252
0.432 0.50258 0.0289275
0.433 0.503363 0.02933
0.434 0.504141 0.0297326
0.435 0.504916 0.0301353
0.436 0.505686 0.0305381
0.437 0.506452 0.030941
0.438 0.507214 0.0313439
0.439 0.507971 0.0317469
0.44 0.508725 0.03215
0.441 0.509474 0.0325531
0.442 0.510219 0.0329562
0.443 0.51096 0.0333593
0.444 0.511697 0.0337624
0.445 0.512429 0.0341656
0.446 0.513157 0.0345687
0.447 0.513881 0.0349718
0.448 0.5146 0.0353748
0.449 0.515315 0.0357778
0.45 0.516026 0.0361808
0.451 0.516733 0.0365837
0.452 0.517435 0.0369865
0.453 0.518133 0.0373892
0.454 0.518826 0.0377919
0.455 0.519515 0.0381944
0.456 0.5202 0.0385968
0.457 0.52088 0.0389991
0.458 0.521556 0.0394012
0.459 0.522228 0.0398032
0.46 0.522895 0.0402051
0.461 0.523557 0.0406067
0.462 0.524215 0.0410082
0.463 0.524869 0.0414095
0.464 0.525518 0.0418107
0.465 0.526162 0.0422116
0.466 0.526803 0.0426122
0.467 0.527438 0.0430127
0.468 0.528069 0.0434129
0.469 0.528696 0.0438129
0.47 0.529317 0.0442126
0.471 0.529935 0.044612
0.472 0.530548 0.0450111
0.473 0.531156 0.04541
0.474 0.531759 0.0458086
0.475 0.532358 0.0462068
0.476 0.532952 0.0466047
0.477 0.533542 0.0470023
0.478 0.534127 0.0473996
0.479 0.534707 0.0477965
0.48 0.535283 0.0481931
0.481 0.535854 0.0485892
0.482 0.53642 0.048985
0.483 0.536982 0.0493804
0.484 0.537539 0.0497754
0.485 0.538091 0.05017
0.486 0.538638 0.0505642
0.487 0.539181 0.0509579
0.488 0.539718 0.0513512
0.489 0.540251 0.051744
0.49 0.54078 0.0521364
0.491 0.541303 0.0525283
0.492 0.541822 0.0529197
0.493 0.542335 0.0533107
0.494 0.542844 0.0537011
0.495 0.543348 0.054091
0.496 0.543848 0.0544804
0.497 0.544342 0.0548692
0.498 0.544831 0.0552576
0.499 0.545316 0.0556453
0.5 0.545796 0.0560325
0.501 0.54627 0.0564191
0.502 0.54674 0.0568052
0.503 0.547205 0.0571906
0.504 0.547665 0.0575755
0.505 0.54812 0.0579597
0.506 0.54857 0.0583434
0.507 0.549015 0.0587263
0.508 0.549455 0.0591087
0.509 0.54989 0.0594904
0.51 0.55032 0.0598714
0.511 0.550745 0.0602517
0.512 0.551165 0.0606314
0.513 0.55158 0.0610104
0.514 0.55199 0.0613887
0.515 0.552395 0.0617662
0.516 0.552794 0.0621431
0.517 0.553189 0.0625192
0.518 0.553579 0.0628946
0.519 0.553963 0.0632692
0.52 0.554342 0.0636431
0.521 0.554716 0.0640162
0.522 0.555085 0.0643885
0.523 0.555449 0.06476
0.524 0.555808 0.0651307
0.525 0.556162 0.0655006
0.526 0.55651 0.0658697
0.527 0.556853 0.066238
0.528 0.557191 0.0666054
0.529 0.557524 0.066972
0.53 0.557851 0.0673377
0.531 0.558174 0.0677025
0.532 0.558491 0.0680665
0.533 0.558802 0.0684296
0.534 0.559109 0.0687917
0.535 0.55941 0.069153
0.536 0.559706 0.0695134
0.537 0.559997 0.0698728
0.538 0.560282 0.0702313
0.539 0.560562 0.0705888
0.54 0.560837 0.0709454
0.541 0.561106 0.0713011
0.542 0.56137 0.0716557
0.543 0.561629 0.0720094
0.544 0.561882 0.0723621
0.545 0.56213 0.0727137
0.546 0.562373 0.0730644
0.547 0.56261 0.073414
0.548 0.562842 0.0737626
0.549 0.563068 0.0741102
0.55 0.563289 0.0744567
0.551 0.563504 0.0748021
0.552 0.563714 0.0751465
0.553 0.563919 0.0754898
0.554 0.564118 0.075832
0.555 0.564312 0.0761731
0.556 0.5645 0.0765131
0.557 0.564682 0.076852
0.558 0.56486 0.0771897
0.559 0.565031 0.0775263
0.56 0.565197 0.0778618
0.561 0.565358 0.0781961
0.562 0.565513 0.0785292
0.563 0.565662 0.0788612
0.564 0.565806 0.079192
0.565 0.565945 0.0795216
0.566 0.566078 0.0798499
0.567 0.566205 0.0801771
0.568 0.566326 0.0805031
0.569 0.566442 0.0808278
0.57 0.566553 0.0811513
0.571 0.566657 0.0814735
0.572 0.566757 0.0817945
0.573 0.56685 0.0821142
0.574 0.566938 0.0824326
0.575 0.56702 0.0827497
0.576 0.567097 0.0830655
0.577 0.567167 0.0833801
0.578 0.567233 0.0836933
0.579 0.567292 0.0840052
0.58 0.567346 0.0843157
0.581 0.567394 0.084625
0.582 0.567436 0.0849328
0.583 0.567473 0.0852393
0.584 0.567503 0.0855444
0.585 0.567528 0.0858482
0.586 0.567548 0.0861506
0.587 0.567561 0.0864515
0.588 0.567569 0.0867511
0.589 0.567571 0.0870492
0.59 0.567567 0.0873459
0.591 0.567558 0.0876412
0.592 0.567542 0.087935
0.593 0.567521 0.0882274
0.594 0.567494 0.0885183
0.595 0.567461 0.0888078
0.596 0.567422 0.0890958
0.597 0.567377 0.0893822
0.598 0.567327 0.0896672
0.599 0.56727 0.0899507
0.6 0.567208 0.0902327
0.601 0.56714 0.0905131
0.602 0.567066 0.090792
0.603 0.566986 0.0910694
0.604 0.5669 0.0913452
0.605 0.566808 0.0916194
0.606 0.56671 0.0918921
0.607 0.566607 0.0921632
0.608 0.566497 0.0924327
0.609 0.566381 0.0927006
0.61 0.56626 0.0929669
0.611 0.566132 0.0932316
0.612 0.565999 0.0934947
0.613 0.565859 0.0937561
0.614 0.565714 0.0940159
0.615 0.565562 0.0942741
0.616 0.565405 0.0945305
0.617 0.565241 0.0947854
0.618 0.565071 0.0950385
0.619 0.564896 0.09529
0.62 0.564714 0.0955397
0.621 0.564526 0.0957878
0.622 0.564332 0.0960342
0.623 0.564132 0.0962788
0.624 0.563927 0.0965217
0.625 0.563714 0.0967629
0.626 0.563496 0.0970023
0.627 0.563272 0.09724
0.628 0.563042 0.0974759
0.629 0.562805 0.09771
0.63 0.562562 0.0979424
0.631 0.562314 0.0981729
0.632 0.562059 0.0984017
0.633 0.561797 0.0986287
0.634 0.56153 0.0988538
0.635 0.561257 0.0990771
0.636 0.560977 0.0992986
0.637 0.560691 0.0995183
0.638 0.560399 0.0997361
0.639 0.560101 0.099952
0.64 0.559797 0.100166
0.641 0.559486 0.100378
0.642 0.559169 0.100589
0.643 0.558846 0.100797
0.644 0.558517 0.101004
0.645 0.558181 0.101208
0.646 0.55784 0.101411
0.647 0.557492 0.101612
0.648 0.557137 0.101811
0.649 0.556777 0.102007
0.65 0.55641 0.102202
0.651 0.556036 0.102395
0.652 0.555657 0.102586
0.653 0.555271 0.102775
0.654 0.554879 0.102963
0.655 0.554481 0.103148
0.656 0.554076 0.103331
0.657 0.553665 0.103512
0.658 0.553247 0.103691
0.659 0.552823 0.103868
0.66 0.552393 0.104043
0.661 0.551957 0.104216
0.662 0.551514 0.104387
0.663 0.551065 0.104556
0.664 0.550609 0.104722
0.665 0.550147 0.104887
0.666 0.549678 0.10505
0.667 0.549204 0.10521
0.668 0.548722 0.105369
0.669 0.548235 0.105525
0.67 0.54774 0.105679
0.671 0.54724 0.105831
0.672 0.546733 0.105981
0.673 0.546219 0.106129
0.674 0.545699 0.106275
0.675 0.545173 0.106418
0.676 0.54464 0.10656
0.677 0.544101 0.106699
0.678 0.543555 0.106836
0.679 0.543003 0.106971
0.68 0.542444 0.107104
0.681 0.541878 0.107234
0.682 0.541307 0.107362
0.683 0.540728 0.107488
0.684 0.540143 0.107612
0.685 0.539552 0.107734
0.686 0.538954 0.107853
0.687 0.538349 0.10797
0.688 0.537738 0.108085
0.689 0.537121 0.108197
0.69 0.536496 0.108308
0.691 0.535866 0.108416
0.692 0.535228 0.108521
0.693 0.534584 0.108625
0.694 0.533934 0.108726
0.695 0.533277 0.108825
0.696 0.532613 0.108921
0.697 0.531943 0.109015
0.698 0.531266 0.109107
0.699 0.530582 0.109197
0.7 0.529892 0.109284
0.701 0.529195 0.109368
0.702 0.528491 0.109451
0.703 0.527781 0.109531
0.704 0.527064 0.109609
0.705 0.526341 0.109684
0.706 0.525611 0.109757
0.707 0.524874 0.109827
0.708 0.52413 0.109895
0.709 0.52338 0.109961
0.71 0.522623 0.110024
0.711 0.52186 0.110085
0.712 0.521089 0.110143
0.713 0.520312 0.110199
0.714 0.519528 0.110253
0.715 0.518738 0.110304
0.716 0.517941 0.110352
0.717 0.517137 0.110398
0.718 0.516326 0.110442
0.719 0.515508 0.110483
0.72 0.514684 0.110521
0.721 0.513853 0.110557
0.722 0.513015 0.110591
0.723 0.512171 0.110622
0.724 0.51132 0.11065
0.725 0.510461 0.110676
0.726 0.509597 0.1107
0.727 0.508725 0.110721
0.728 0.507846 0.110739
0.729 0.506961 0.110755
0.73 0.506069 0.110768
0.731 0.50517 0.110778
0.732 0.504264 0.110786
0.733 0.503351 0.110792
0.734 0.502432 0.110795
0.735 0.501506 0.110795
0.736 0.500572 0.110792
0.737 0.499632 0.110787
0.738 0.498685 0.11078
0.739 0.497732 0.11077
0.74 0.496771 0.110757
0.741 0.495803 0.110741
0.742 0.494829 0.110723
0.743 0.493848 0.110702
0.744 0.49286 0.110678
0.745 0.491864 0.110652
0.746 0.490862 0.110623
0.747 0.489853 0.110592
0.748 0.488838 0.110557
0.749 0.487815 0.11052
0.75 0.486785 0.11048
0.751 0.485748 0.110438
0.752 0.484705 0.110393
0.753 0.483654 0.110345
0.754 0.482597 0.110294
0.755 0.481532 0.110241
0.756 0.480461 0.110185
0.757 0.479382 0.110126
0.758 0.478297 0.110064
0.759 0.477204 0.11
0.76 0.476105 0.109933
0.761 0.474999 0.109863
0.762 0.473885 0.10979
0.763 0.472765 0.109714
0.764 0.471638 0.109636
0.765 0.470503 0.109554
0.766 0.469362 0.10947
0.767 0.468213 0.109384
0.768 0.467058 0.109294
0.769 0.465896 0.109201
0.77 0.464726 0.109106
0.771 0.463549 0.109008
0.772 0.462366 0.108907
0.773 0.461175 0.108803
0.774 0.459977 0.108696
0.775 0.458773 0.108586
0.776 0.457561 0.108474
0.777 0.456342 0.108358
0.778 0.455116 0.10824
0.779 0.453883 0.108118
0.78 0.452642 0.107994
0.781 0.451395 0.107867
0.782 0.450141 0.107737
0.783 0.448879 0.107604
0.784 0.447611 0.107468
0.785 0.446335 0.107329
0.786 0.445052 0.107188
0.787 0.443762 0.107043
0.788 0.442465 0.106895
0.789 0.441161 0.106745
0.79 0.439849 0.106591
0.791 0.438531 0.106434
0.792 0.437205 0.106275
0.793 0.435872 0.106112
0.794 0.434532 0.105947
0.795 0.433185 0.105778
0.796 0.431831 0.105606
0.797 0.430469 0.105432
0.798 0.429101 0.105254
0.799 0.427725 0.105073
0.8 0.426342 0.10489
0.801 0.424951 0.104703
0.802 0.423554 0.104513
0.803 0.422149 0.10432
0.804 0.420738 0.104124
0.805 0.419319 0.103925
0.806 0.417892 0.103723
0.807 0.416459 0.103518
0.808 0.415018 0.10331
0.809 0.41357 0.103099
0.81 0.412115 0.102884
0.811 0.410653 0.102667
0.812 0.409183 0.102446
0.813 0.407706 0.102223
0.814 0.406222 0.101996
0.815 0.40473 0.101766
0.816 0.403232 0.101533
0.817 0.401726 0.101297
0.818 0.400213 0.101057
0.819 0.398692 0.100815
0.82 0.397164 0.100569
0.821 0.395629 0.10032
0.822 0.394087 0.100068
0.823 0.392537 0.0998131
0.824 0.390981 0.0995548
0.825 0.389416 0.0992933
0.826 0.387845 0.0990286
0.827 0.386266 0.0987607
0.828 0.38468 0.0984896
0.829 0.383086 0.0982153
0.83 0.381486 0.0979378
0.831 0.379878 0.0976571
0.832 0.378262 0.0973732
0.833 0.37664 0.097086
0.834 0.375009 0.0967957
0.835 0.373372 0.096502
0.836 0.371727 0.0962052
0.837 0.370075 0.095905
0.838 0.368416 0.0956017
0.839 0.366749 0.095295
0.84 0.365075 0.0949851
0.841 0.363393 0.094672
0.842 0.361704 0.0943555
0.843 0.360008 0.0940358
0.844 0.358304 0.0937128
0.845 0.356593 0.0933865
0.846 0.354875 0.0930569
0.847 0.353149 0.092724
0.848 0.351416 0.0923878
0.849 0.349675 0.0920483
0.85 0.347927 0.0917054
0.851 0.346172 0.0913593
0.852 0.344409 0.0910098
0.853 0.342639 0.090657
0.854 0.340861 0.0903008
0.855 0.339076 0.0899413
0.856 0.337283 0.0895784
0.857 0.335483 0.0892122
0.858 0.333676 0.0888426
0.859 0.331861 0.0884697
0.86 0.330039 0.0880934
0.861 0.328209 0.0877137
0.862 0.326372 0.0873306
0.863 0.324528 0.0869442
0.864 0.322676 0.0865543
0.865 0.320816 0.0861611
0.866 0.318949 0.0857645
0.867 0.317075 0.0853644
0.868 0.315193 0.084961
0.869 0.313304 0.0845541
0.87 0.311407 0.0841438
0.871 0.309503 0.0837301
0.872 0.307591 0.0833129
0.873 0.305672 0.0828923
0.874 0.303745 0.0824683
0.875 0.301811 0.0820408
0.876 0.299869 0.0816099
0.877 0.29792 0.0811755
0.878 0.295963 0.0807377
0.879 0.293999 0.0802964
0.88 0.292027 0.0798516
0.881 0.290048 0.0794034
0.882 0.288061 0.0789517
0.883 0.286066 0.0784964
0.884 0.284065 0.0780377
0.885 0.282055 0.0775755
0.886 0.280038 0.0771099
0.887 0.278014 0.0766407
0.888 0.275982 0.076168
0.889 0.273942 0.0756917
0.89 0.271895 0.075212
0.891 0.269841 0.0747287
0.892 0.267779 0.074242
0.893 0.265709 0.0737516
0.894 0.263632 0.0732578
0.895 0.261547 0.0727604
0.896 0.259455 0.0722595
0.897 0.257355 0.071755
0.898 0.255247 0.071247
0.899 0.253132 0.0707354
0.9 0.251009 0.0702202
0.901 0.248879 0.0697015
0.902 0.246741 0.0691792
0.903 0.244596 0.0686533
0.904 0.242443 0.0681238
0.905 0.240282 0.0675908
0.906 0.238114 0.0670542
0.907 0.235938 0.0665139
0.908 0.233755 0.0659701
0.909 0.231564 0.0654227
0.91 0.229365 0.0648716
0.911 0.227159 0.064317
0.912 0.224945 0.0637587
0.913 0.222724 0.0631968
0.914 0.220495 0.0626313
0.915 0.218258 0.0620622
0.916 0.216014 0.0614894
0.917 0.213762 0.060913
0.918 0.211502 0.060333
0.919 0.209235 0.0597493
0.92 0.20696 0.0591619
0.921 0.204678 0.0585709
0.922 0.202388 0.0579762
0.923 0.20009 0.0573779
0.924 0.197785 0.0567759
0.925 0.195472 0.0561703
0.926 0.193151 0.0555609
0.927 0.190823 0.0549479
0.928 0.188487 0.0543312
0.929 0.186143 0.0537108
0.93 0.183792 0.0530867
0.931 0.181433 0.052459
0.932 0.179066 0.0518275
0.933 0.176692 0.0511923
0.934 0.17431 0.0505534
0.935 0.17192 0.0499108
0.936 0.169522 0.0492645
0.937 0.167117 0.0486144
0.938 0.164705 0.0479607
0.939 0.162284 0.0473032
0.94 0.159856 0.046642
0.941 0.15742 0.045977
0.942 0.154977 0.0453083
0.943 0.152525 0.0446359
0.944 0.150067 0.0439597
0.945 0.1476 0.0432798
0.946 0.145126 0.0425961
0.947 0.142644 0.0419086
0.948 0.140154 0.0412174
0.949 0.137656 0.0405224
0.95 0.135151 0.0398237
0.951 0.132638 0.0391212
0.952 0.130118 0.0384149
0.953 0.127589 0.0377048
0.954 0.125053 0.0369909
0.955 0.122509 0.0362733
0.956 0.119958 0.0355518
0.957 0.117398 0.0348266
0.958 0.114831 0.0340975
0.959 0.112257 0.0333647
0.96 0.109674 0.032628
0.961 0.107084 0.0318876
0.962 0.104486 0.0311433
0.963 0.10188 0.0303952
0.964 0.0992667 0.0296433
0.965 0.0966454 0.0288875
0.966 0.0940164 0.0281279
0.967 0.0913797 0.0273645
0.968 0.0887352 0.0265973
0.969 0.0860829 0.0258262
0.97 0.0834228 0.0250513
0.971 0.080755 0.0242725
0.972 0.0780794 0.0234899
0.973 0.0753961 0.0227034
0.974 0.0727049 0.0219131
0.975 0.070006 0.0211189
0.976 0.0672994 0.0203209
0.977 0.0645849 0.019519
0.978 0.0618627 0.0187132
0.979 0.0591326 0.0179035
0.98 0.0563948 0.01709
0.981 0.0536492 0.0162725
0.982 0.0508958 0.0154512
0.983 0.0481346 0.0146261
0.984 0.0453656 0.013797
0.985 0.0425888 0.012964
0.986 0.0398043 0.0121271
0.987 0.0370119 0.0112864
0.988 0.0342117 0.0104417
0.989 0.0314037 0.00959311
0.99 0.0285879 0.00874062
0.991 0.0257643 0.00788422
0.992 0.0229329 0.0070239
0.993 0.0200936 0.00615966
0.994 0.0172466 0.0052915
0.995 0.0143917 0.00441942
0.996 0.011529 0.0035434
0.997 0.00865849 0.00266346
0.998 0.00578015 0.00177958
0.999 0.00289399 0.00089176
1 0 0
