% Flood Neural Network. Gradient Descent Training History.
ElapsedTimeHistory:
0 0 0 0 0 0 0 0 0 0 0 0 0 0 0 0 0 0 0 0 0 1 1 1 1 1 1 1 1 1 1 1 1 1 1 1 1 1 1 1 1 1 1 1 1 1 1 1 1 1 1 2 2 2 2 2 2 2 2 2 2 2 2 2 2 2 2 2 2 2 2 2 2 2 2 2 2 2 2 2 2 2 2 2 2 2 2 2 2 2 2 2 2 2 2 2 3 3 3 3 3 
FreeParametersHistory:
-1.42178 -1.69103 0.1307 -0.881033 -0.624394 -1.44879 -0.070149 0.145077 1.64592 1.69017 
-1.41781 -1.68987 0.818033 -0.536612 -0.40801 -1.37311 0.42281 -0.33382 1.48872 1.26967 
-1.40393 -1.68998 0.832213 -0.350436 -0.616646 -1.35738 0.347045 -0.280007 1.38375 1.22568 
-1.40409 -1.69014 0.855128 -0.335502 -0.610618 -1.35357 0.370618 -0.303308 1.39653 1.20454 
-1.39758 -1.69127 0.858226 -0.287596 -0.671431 -1.33405 0.351976 -0.296302 1.37362 1.18543 
-1.39752 -1.69135 0.861352 -0.285933 -0.670817 -1.33288 0.355574 -0.300036 1.3758 1.18188 
-1.39222 -1.69357 0.854998 -0.291837 -0.694608 -1.30428 0.347414 -0.301813 1.37066 1.16935 
-1.39217 -1.69365 0.857373 -0.290923 -0.693944 -1.30328 0.350275 -0.304788 1.37246 1.1666 
-1.3883 -1.69569 0.850128 -0.308015 -0.703654 -1.28003 0.345923 -0.307712 1.37208 1.15927 
-1.38824 -1.69576 0.852298 -0.307064 -0.703176 -1.27909 0.348448 -0.310374 1.37362 1.15678 
-1.38415 -1.69775 0.846029 -0.318683 -0.715145 -1.25753 0.343464 -0.312902 1.37193 1.14944 
-1.38408 -1.69782 0.848074 -0.31779 -0.7147 -1.25665 0.345821 -0.315396 1.37335 1.14712 
-1.38005 -1.69981 0.842043 -0.328933 -0.725473 -1.23649 0.34119 -0.318075 1.37189 1.1405 
-1.37998 -1.69989 0.843978 -0.32807 -0.72507 -1.23567 0.343394 -0.320419 1.37321 1.13833 
-1.37594 -1.70188 0.838249 -0.338097 -0.735323 -1.21668 0.338905 -0.323156 1.37169 1.13222 
-1.37586 -1.70195 0.840088 -0.337264 -0.734953 -1.2159 0.340977 -0.325372 1.37291 1.13017 
-1.37183 -1.70395 0.834617 -0.346417 -0.74459 -1.19801 0.336658 -0.328167 1.37139 1.12456 
-1.37175 -1.70402 0.836365 -0.345613 -0.74425 -1.19727 0.338609 -0.330263 1.37253 1.12263 
-1.36771 -1.70602 0.831114 -0.354002 -0.753343 -1.18033 0.334436 -0.333117 1.371 1.11746 
-1.36763 -1.70609 0.832782 -0.353224 -0.753026 -1.17963 0.336282 -0.335109 1.37206 1.11563 
-1.36359 -1.7081 0.827719 -0.360952 -0.761614 -1.16354 0.332244 -0.338024 1.37052 1.11085 
-1.36351 -1.70818 0.829314 -0.360199 -0.761317 -1.16287 0.333995 -0.339922 1.37152 1.10912 
-1.35946 -1.7102 0.824423 -0.367329 -0.769416 -1.14758 0.330088 -0.342886 1.36998 1.10471 
-1.35937 -1.71027 0.82595 -0.3666 -0.769137 -1.14694 0.331752 -0.344699 1.37092 1.10306 
-1.3553 -1.71231 0.821195 -0.373225 -0.776809 -1.13233 0.327958 -0.347725 1.36938 1.09897 
-1.35522 -1.71239 0.822662 -0.372517 -0.776544 -1.13172 0.329547 -0.349463 1.37027 1.0974 
-1.35113 -1.71445 0.818027 -0.378691 -0.783813 -1.11772 0.325859 -0.352549 1.36872 1.09361 
-1.35104 -1.71452 0.819438 -0.378002 -0.783561 -1.11714 0.327379 -0.354219 1.36956 1.09211 
-1.34693 -1.7166 0.81491 -0.383768 -0.790448 -1.10373 0.323793 -0.35736 1.36801 1.08859 
-1.34684 -1.71668 0.81627 -0.383097 -0.790207 -1.10317 0.32525 -0.358969 1.36881 1.08715 
-1.34271 -1.71878 0.811842 -0.388488 -0.796724 -1.09032 0.321766 -0.362156 1.36727 1.08389 
-1.34262 -1.71885 0.813154 -0.387835 -0.796492 -1.08978 0.323164 -0.363707 1.36803 1.08251 
-1.33848 -1.72097 0.808811 -0.39289 -0.802667 -1.07745 0.319774 -0.366941 1.36648 1.07949 
-1.33839 -1.72105 0.810079 -0.392253 -0.802443 -1.07694 0.32112 -0.36844 1.36721 1.07817 
-1.33422 -1.72319 0.805804 -0.397015 -0.808308 -1.06506 0.317814 -0.371728 1.36567 1.07536 
-1.33413 -1.72327 0.807033 -0.396392 -0.808091 -1.06456 0.319112 -0.37318 1.36636 1.07408 
-1.32994 -1.72543 0.802822 -0.400882 -0.813658 -1.05314 0.315889 -0.376514 1.36483 1.07148 
-1.32984 -1.72551 0.804013 -0.400273 -0.813447 -1.05265 0.317144 -0.377923 1.36549 1.07025 
-1.32562 -1.72771 0.799849 -0.404526 -0.818746 -1.04161 0.313994 -0.381312 1.36396 1.06783 
-1.32552 -1.72779 0.801007 -0.403929 -0.81854 -1.04115 0.31521 -0.382683 1.3646 1.06664 
-1.32127 -1.73001 0.796888 -0.407959 -0.823579 -1.03049 0.312133 -0.386121 1.36307 1.06439 
-1.32117 -1.73009 0.798015 -0.407374 -0.823378 -1.03004 0.313313 -0.387456 1.36368 1.06324 
-1.31689 -1.73234 0.793938 -0.411198 -0.828169 -1.01975 0.310306 -0.390938 1.36216 1.06116 
-1.3168 -1.73242 0.795035 -0.410624 -0.827972 -1.01931 0.311452 -0.392239 1.36275 1.06003 
-1.31248 -1.7347 0.790985 -0.414268 -0.832539 -1.00935 0.308508 -0.395774 1.36124 1.0581 
-1.31238 -1.73478 0.792057 -0.413703 -0.832345 -1.00893 0.309625 -0.397046 1.36181 1.05701 
-1.30803 -1.73709 0.788038 -0.417174 -0.83669 -0.999295 0.306745 -0.400622 1.3603 1.05523 
-1.30793 -1.73717 0.789085 -0.416619 -0.836499 -0.998884 0.307833 -0.401867 1.36085 1.05417 
-1.30355 -1.73951 0.785083 -0.419939 -0.840645 -0.989545 0.30501 -0.405493 1.35934 1.05251 
-1.30344 -1.7396 0.786109 -0.419391 -0.840456 -0.989145 0.306074 -0.406713 1.35987 1.05148 
-1.29902 -1.74197 0.782123 -0.422569 -0.844409 -0.980092 0.303306 -0.410386 1.35837 1.04995 
-1.29892 -1.74205 0.783128 -0.422029 -0.844222 -0.979703 0.304347 -0.411583 1.35889 1.04894 
-1.29446 -1.74446 0.779154 -0.425078 -0.847995 -0.970917 0.301631 -0.415304 1.35739 1.04752 
-1.29435 -1.74455 0.780141 -0.424545 -0.84781 -0.970539 0.30265 -0.41648 1.3579 1.04654 
-1.28985 -1.74699 0.776172 -0.427476 -0.851413 -0.962006 0.299984 -0.42025 1.35641 1.04523 
-1.28974 -1.74708 0.777142 -0.426948 -0.851228 -0.961637 0.300984 -0.421408 1.3569 1.04427 
-1.28519 -1.74956 0.773179 -0.42977 -0.854669 -0.95335 0.298366 -0.425223 1.35541 1.04307 
-1.28508 -1.74965 0.774133 -0.429248 -0.854485 -0.952991 0.299349 -0.426364 1.35589 1.04212 
-1.2805 -1.75216 0.770177 -0.431964 -0.857765 -0.944955 0.29678 -0.430217 1.3544 1.04103 
-1.28039 -1.75225 0.771117 -0.431447 -0.857582 -0.944604 0.297745 -0.431341 1.35487 1.0401 
-1.27576 -1.75481 0.767158 -0.434071 -0.860717 -0.936788 0.295219 -0.435242 1.35339 1.03909 
-1.27565 -1.7549 0.768084 -0.433559 -0.860534 -0.936446 0.29617 -0.436353 1.35385 1.03818 
-1.27098 -1.75749 0.764125 -0.436096 -0.863527 -0.928852 0.293687 -0.440295 1.35238 1.03727 
-1.27087 -1.75758 0.765039 -0.435588 -0.863344 -0.928518 0.294625 -0.441392 1.35282 1.03637 
-1.26615 -1.76021 0.761071 -0.438047 -0.866206 -0.921126 0.292181 -0.445382 1.35135 1.03554 
-1.26604 -1.7603 0.761976 -0.437542 -0.866023 -0.920799 0.293107 -0.446468 1.35179 1.03466 
-1.26127 -1.76297 0.758001 -0.439928 -0.868758 -0.91361 0.290702 -0.450501 1.35033 1.03391 
-1.26116 -1.76306 0.758896 -0.439427 -0.868574 -0.91329 0.291617 -0.451576 1.35075 1.03304 
-1.25635 -1.76577 0.754911 -0.441745 -0.871187 -0.906296 0.289249 -0.455652 1.3493 1.03237 
-1.25623 -1.76587 0.755798 -0.441246 -0.871003 -0.905983 0.290155 -0.456718 1.34971 1.03151 
-1.25139 -1.76861 0.75181 -0.443498 -0.873494 -0.899193 0.287828 -0.460825 1.34826 1.03091 
-1.25127 -1.76871 0.752688 -0.443002 -0.873309 -0.898886 0.288724 -0.461882 1.34867 1.03006 
-1.24638 -1.7715 0.74869 -0.445196 -0.875688 -0.89228 0.286432 -0.466029 1.34723 1.02954 
-1.24626 -1.77159 0.749561 -0.444702 -0.875503 -0.891979 0.28732 -0.467078 1.34763 1.0287 
-1.24133 -1.77442 0.745556 -0.446839 -0.877771 -0.885562 0.285065 -0.471256 1.3462 1.02824 
-1.24121 -1.77452 0.74642 -0.446348 -0.877585 -0.885267 0.285946 -0.472297 1.34659 1.02741 
-1.23623 -1.77738 0.742401 -0.448437 -0.879751 -0.879021 0.283723 -0.476515 1.34516 1.02702 
-1.23611 -1.77748 0.74326 -0.447947 -0.879564 -0.878731 0.284598 -0.477551 1.34555 1.0262 
-1.23109 -1.78039 0.739226 -0.449992 -0.881633 -0.872653 0.282407 -0.481806 1.34412 1.02586 
-1.23096 -1.78049 0.740081 -0.449502 -0.881444 -0.872368 0.283277 -0.482838 1.34451 1.02505 
-1.22589 -1.78344 0.736027 -0.451509 -0.88342 -0.866446 0.281115 -0.487135 1.34308 1.02477 
-1.22577 -1.78354 0.736879 -0.45102 -0.88323 -0.866167 0.281981 -0.488163 1.34346 1.02397 
-1.22064 -1.78654 0.732804 -0.452991 -0.885117 -0.860395 0.279848 -0.492504 1.34204 1.02374 
-1.22051 -1.78665 0.733653 -0.452502 -0.884926 -0.86012 0.28071 -0.493528 1.34241 1.02294 
-1.21533 -1.7897 0.729554 -0.454443 -0.886728 -0.854496 0.278603 -0.497909 1.341 1.02278 
-1.2152 -1.7898 0.730403 -0.453953 -0.886534 -0.854226 0.279464 -0.498932 1.34137 1.02198 
-1.20995 -1.79291 0.726272 -0.455869 -0.888259 -0.848729 0.27738 -0.503372 1.33995 1.02186 
-1.20983 -1.79302 0.727119 -0.455379 -0.888063 -0.848464 0.278239 -0.504393 1.34032 1.02107 
-1.20453 -1.79616 0.722973 -0.457266 -0.889703 -0.843122 0.276186 -0.508861 1.33891 1.02099 
-1.20441 -1.79627 0.723818 -0.456775 -0.889506 -0.842861 0.277042 -0.50988 1.33927 1.02021 
-1.19906 -1.79947 0.719646 -0.45864 -0.89107 -0.837655 0.275014 -0.514391 1.33786 1.02018 
-1.19893 -1.79958 0.720492 -0.458148 -0.89087 -0.837398 0.27587 -0.51541 1.33822 1.0194 
-1.19353 -1.80283 0.716291 -0.459994 -0.89236 -0.832324 0.273866 -0.519963 1.33682 1.01942 
-1.1934 -1.80294 0.717138 -0.4595 -0.892158 -0.832071 0.274722 -0.520983 1.33717 1.01864 
-1.18794 -1.80624 0.71291 -0.46133 -0.893576 -0.827126 0.272743 -0.52558 1.33577 1.0187 
-1.18781 -1.80636 0.713758 -0.460835 -0.893372 -0.826877 0.273598 -0.526599 1.33613 1.01792 
-1.18229 -1.80971 0.709497 -0.462651 -0.894721 -0.822058 0.271642 -0.531239 1.33473 1.01802 
-1.18216 -1.80983 0.710348 -0.462154 -0.894514 -0.821812 0.272499 -0.532261 1.33508 1.01724 
-1.17658 -1.81324 0.706057 -0.463959 -0.895796 -0.817114 0.270567 -0.536948 1.33368 1.01739 
-1.17645 -1.81336 0.706909 -0.46346 -0.895587 -0.816871 0.271425 -0.537971 1.33403 1.01661 
-1.17082 -1.81683 0.702586 -0.465256 -0.896803 -0.812297 0.269514 -0.542699 1.33264 1.01679 

FreeParametersNormHistory:
-1.42178 -1.69103 0.1307 -0.881033 -0.624394 -1.44879 -0.070149 0.145077 1.64592 1.69017 
-1.41781 -1.68987 0.818033 -0.536612 -0.40801 -1.37311 0.42281 -0.33382 1.48872 1.26967 
-1.40393 -1.68998 0.832213 -0.350436 -0.616646 -1.35738 0.347045 -0.280007 1.38375 1.22568 
-1.40409 -1.69014 0.855128 -0.335502 -0.610618 -1.35357 0.370618 -0.303308 1.39653 1.20454 
-1.39758 -1.69127 0.858226 -0.287596 -0.671431 -1.33405 0.351976 -0.296302 1.37362 1.18543 
-1.39752 -1.69135 0.861352 -0.285933 -0.670817 -1.33288 0.355574 -0.300036 1.3758 1.18188 
-1.39222 -1.69357 0.854998 -0.291837 -0.694608 -1.30428 0.347414 -0.301813 1.37066 1.16935 
-1.39217 -1.69365 0.857373 -0.290923 -0.693944 -1.30328 0.350275 -0.304788 1.37246 1.1666 
-1.3883 -1.69569 0.850128 -0.308015 -0.703654 -1.28003 0.345923 -0.307712 1.37208 1.15927 
-1.38824 -1.69576 0.852298 -0.307064 -0.703176 -1.27909 0.348448 -0.310374 1.37362 1.15678 
-1.38415 -1.69775 0.846029 -0.318683 -0.715145 -1.25753 0.343464 -0.312902 1.37193 1.14944 
-1.38408 -1.69782 0.848074 -0.31779 -0.7147 -1.25665 0.345821 -0.315396 1.37335 1.14712 
-1.38005 -1.69981 0.842043 -0.328933 -0.725473 -1.23649 0.34119 -0.318075 1.37189 1.1405 
-1.37998 -1.69989 0.843978 -0.32807 -0.72507 -1.23567 0.343394 -0.320419 1.37321 1.13833 
-1.37594 -1.70188 0.838249 -0.338097 -0.735323 -1.21668 0.338905 -0.323156 1.37169 1.13222 
-1.37586 -1.70195 0.840088 -0.337264 -0.734953 -1.2159 0.340977 -0.325372 1.37291 1.13017 
-1.37183 -1.70395 0.834617 -0.346417 -0.74459 -1.19801 0.336658 -0.328167 1.37139 1.12456 
-1.37175 -1.70402 0.836365 -0.345613 -0.74425 -1.19727 0.338609 -0.330263 1.37253 1.12263 
-1.36771 -1.70602 0.831114 -0.354002 -0.753343 -1.18033 0.334436 -0.333117 1.371 1.11746 
-1.36763 -1.70609 0.832782 -0.353224 -0.753026 -1.17963 0.336282 -0.335109 1.37206 1.11563 
-1.36359 -1.7081 0.827719 -0.360952 -0.761614 -1.16354 0.332244 -0.338024 1.37052 1.11085 
-1.36351 -1.70818 0.829314 -0.360199 -0.761317 -1.16287 0.333995 -0.339922 1.37152 1.10912 
-1.35946 -1.7102 0.824423 -0.367329 -0.769416 -1.14758 0.330088 -0.342886 1.36998 1.10471 
-1.35937 -1.71027 0.82595 -0.3666 -0.769137 -1.14694 0.331752 -0.344699 1.37092 1.10306 
-1.3553 -1.71231 0.821195 -0.373225 -0.776809 -1.13233 0.327958 -0.347725 1.36938 1.09897 
-1.35522 -1.71239 0.822662 -0.372517 -0.776544 -1.13172 0.329547 -0.349463 1.37027 1.0974 
-1.35113 -1.71445 0.818027 -0.378691 -0.783813 -1.11772 0.325859 -0.352549 1.36872 1.09361 
-1.35104 -1.71452 0.819438 -0.378002 -0.783561 -1.11714 0.327379 -0.354219 1.36956 1.09211 
-1.34693 -1.7166 0.81491 -0.383768 -0.790448 -1.10373 0.323793 -0.35736 1.36801 1.08859 
-1.34684 -1.71668 0.81627 -0.383097 -0.790207 -1.10317 0.32525 -0.358969 1.36881 1.08715 
-1.34271 -1.71878 0.811842 -0.388488 -0.796724 -1.09032 0.321766 -0.362156 1.36727 1.08389 
-1.34262 -1.71885 0.813154 -0.387835 -0.796492 -1.08978 0.323164 -0.363707 1.36803 1.08251 
-1.33848 -1.72097 0.808811 -0.39289 -0.802667 -1.07745 0.319774 -0.366941 1.36648 1.07949 
-1.33839 -1.72105 0.810079 -0.392253 -0.802443 -1.07694 0.32112 -0.36844 1.36721 1.07817 
-1.33422 -1.72319 0.805804 -0.397015 -0.808308 -1.06506 0.317814 -0.371728 1.36567 1.07536 
-1.33413 -1.72327 0.807033 -0.396392 -0.808091 -1.06456 0.319112 -0.37318 1.36636 1.07408 
-1.32994 -1.72543 0.802822 -0.400882 -0.813658 -1.05314 0.315889 -0.376514 1.36483 1.07148 
-1.32984 -1.72551 0.804013 -0.400273 -0.813447 -1.05265 0.317144 -0.377923 1.36549 1.07025 
-1.32562 -1.72771 0.799849 -0.404526 -0.818746 -1.04161 0.313994 -0.381312 1.36396 1.06783 
-1.32552 -1.72779 0.801007 -0.403929 -0.81854 -1.04115 0.31521 -0.382683 1.3646 1.06664 
-1.32127 -1.73001 0.796888 -0.407959 -0.823579 -1.03049 0.312133 -0.386121 1.36307 1.06439 
-1.32117 -1.73009 0.798015 -0.407374 -0.823378 -1.03004 0.313313 -0.387456 1.36368 1.06324 
-1.31689 -1.73234 0.793938 -0.411198 -0.828169 -1.01975 0.310306 -0.390938 1.36216 1.06116 
-1.3168 -1.73242 0.795035 -0.410624 -0.827972 -1.01931 0.311452 -0.392239 1.36275 1.06003 
-1.31248 -1.7347 0.790985 -0.414268 -0.832539 -1.00935 0.308508 -0.395774 1.36124 1.0581 
-1.31238 -1.73478 0.792057 -0.413703 -0.832345 -1.00893 0.309625 -0.397046 1.36181 1.05701 
-1.30803 -1.73709 0.788038 -0.417174 -0.83669 -0.999295 0.306745 -0.400622 1.3603 1.05523 
-1.30793 -1.73717 0.789085 -0.416619 -0.836499 -0.998884 0.307833 -0.401867 1.36085 1.05417 
-1.30355 -1.73951 0.785083 -0.419939 -0.840645 -0.989545 0.30501 -0.405493 1.35934 1.05251 
-1.30344 -1.7396 0.786109 -0.419391 -0.840456 -0.989145 0.306074 -0.406713 1.35987 1.05148 
-1.29902 -1.74197 0.782123 -0.422569 -0.844409 -0.980092 0.303306 -0.410386 1.35837 1.04995 
-1.29892 -1.74205 0.783128 -0.422029 -0.844222 -0.979703 0.304347 -0.411583 1.35889 1.04894 
-1.29446 -1.74446 0.779154 -0.425078 -0.847995 -0.970917 0.301631 -0.415304 1.35739 1.04752 
-1.29435 -1.74455 0.780141 -0.424545 -0.84781 -0.970539 0.30265 -0.41648 1.3579 1.04654 
-1.28985 -1.74699 0.776172 -0.427476 -0.851413 -0.962006 0.299984 -0.42025 1.35641 1.04523 
-1.28974 -1.74708 0.777142 -0.426948 -0.851228 -0.961637 0.300984 -0.421408 1.3569 1.04427 
-1.28519 -1.74956 0.773179 -0.42977 -0.854669 -0.95335 0.298366 -0.425223 1.35541 1.04307 
-1.28508 -1.74965 0.774133 -0.429248 -0.854485 -0.952991 0.299349 -0.426364 1.35589 1.04212 
-1.2805 -1.75216 0.770177 -0.431964 -0.857765 -0.944955 0.29678 -0.430217 1.3544 1.04103 
-1.28039 -1.75225 0.771117 -0.431447 -0.857582 -0.944604 0.297745 -0.431341 1.35487 1.0401 
-1.27576 -1.75481 0.767158 -0.434071 -0.860717 -0.936788 0.295219 -0.435242 1.35339 1.03909 
-1.27565 -1.7549 0.768084 -0.433559 -0.860534 -0.936446 0.29617 -0.436353 1.35385 1.03818 
-1.27098 -1.75749 0.764125 -0.436096 -0.863527 -0.928852 0.293687 -0.440295 1.35238 1.03727 
-1.27087 -1.75758 0.765039 -0.435588 -0.863344 -0.928518 0.294625 -0.441392 1.35282 1.03637 
-1.26615 -1.76021 0.761071 -0.438047 -0.866206 -0.921126 0.292181 -0.445382 1.35135 1.03554 
-1.26604 -1.7603 0.761976 -0.437542 -0.866023 -0.920799 0.293107 -0.446468 1.35179 1.03466 
-1.26127 -1.76297 0.758001 -0.439928 -0.868758 -0.91361 0.290702 -0.450501 1.35033 1.03391 
-1.26116 -1.76306 0.758896 -0.439427 -0.868574 -0.91329 0.291617 -0.451576 1.35075 1.03304 
-1.25635 -1.76577 0.754911 -0.441745 -0.871187 -0.906296 0.289249 -0.455652 1.3493 1.03237 
-1.25623 -1.76587 0.755798 -0.441246 -0.871003 -0.905983 0.290155 -0.456718 1.34971 1.03151 
-1.25139 -1.76861 0.75181 -0.443498 -0.873494 -0.899193 0.287828 -0.460825 1.34826 1.03091 
-1.25127 -1.76871 0.752688 -0.443002 -0.873309 -0.898886 0.288724 -0.461882 1.34867 1.03006 
-1.24638 -1.7715 0.74869 -0.445196 -0.875688 -0.89228 0.286432 -0.466029 1.34723 1.02954 
-1.24626 -1.77159 0.749561 -0.444702 -0.875503 -0.891979 0.28732 -0.467078 1.34763 1.0287 
-1.24133 -1.77442 0.745556 -0.446839 -0.877771 -0.885562 0.285065 -0.471256 1.3462 1.02824 
-1.24121 -1.77452 0.74642 -0.446348 -0.877585 -0.885267 0.285946 -0.472297 1.34659 1.02741 
-1.23623 -1.77738 0.742401 -0.448437 -0.879751 -0.879021 0.283723 -0.476515 1.34516 1.02702 
-1.23611 -1.77748 0.74326 -0.447947 -0.879564 -0.878731 0.284598 -0.477551 1.34555 1.0262 
-1.23109 -1.78039 0.739226 -0.449992 -0.881633 -0.872653 0.282407 -0.481806 1.34412 1.02586 
-1.23096 -1.78049 0.740081 -0.449502 -0.881444 -0.872368 0.283277 -0.482838 1.34451 1.02505 
-1.22589 -1.78344 0.736027 -0.451509 -0.88342 -0.866446 0.281115 -0.487135 1.34308 1.02477 
-1.22577 -1.78354 0.736879 -0.45102 -0.88323 -0.866167 0.281981 -0.488163 1.34346 1.02397 
-1.22064 -1.78654 0.732804 -0.452991 -0.885117 -0.860395 0.279848 -0.492504 1.34204 1.02374 
-1.22051 -1.78665 0.733653 -0.452502 -0.884926 -0.86012 0.28071 -0.493528 1.34241 1.02294 
-1.21533 -1.7897 0.729554 -0.454443 -0.886728 -0.854496 0.278603 -0.497909 1.341 1.02278 
-1.2152 -1.7898 0.730403 -0.453953 -0.886534 -0.854226 0.279464 -0.498932 1.34137 1.02198 
-1.20995 -1.79291 0.726272 -0.455869 -0.888259 -0.848729 0.27738 -0.503372 1.33995 1.02186 
-1.20983 -1.79302 0.727119 -0.455379 -0.888063 -0.848464 0.278239 -0.504393 1.34032 1.02107 
-1.20453 -1.79616 0.722973 -0.457266 -0.889703 -0.843122 0.276186 -0.508861 1.33891 1.02099 
-1.20441 -1.79627 0.723818 -0.456775 -0.889506 -0.842861 0.277042 -0.50988 1.33927 1.02021 
-1.19906 -1.79947 0.719646 -0.45864 -0.89107 -0.837655 0.275014 -0.514391 1.33786 1.02018 
-1.19893 -1.79958 0.720492 -0.458148 -0.89087 -0.837398 0.27587 -0.51541 1.33822 1.0194 
-1.19353 -1.80283 0.716291 -0.459994 -0.89236 -0.832324 0.273866 -0.519963 1.33682 1.01942 
-1.1934 -1.80294 0.717138 -0.4595 -0.892158 -0.832071 0.274722 -0.520983 1.33717 1.01864 
-1.18794 -1.80624 0.71291 -0.46133 -0.893576 -0.827126 0.272743 -0.52558 1.33577 1.0187 
-1.18781 -1.80636 0.713758 -0.460835 -0.893372 -0.826877 0.273598 -0.526599 1.33613 1.01792 
-1.18229 -1.80971 0.709497 -0.462651 -0.894721 -0.822058 0.271642 -0.531239 1.33473 1.01802 
-1.18216 -1.80983 0.710348 -0.462154 -0.894514 -0.821812 0.272499 -0.532261 1.33508 1.01724 
-1.17658 -1.81324 0.706057 -0.463959 -0.895796 -0.817114 0.270567 -0.536948 1.33368 1.01739 
-1.17645 -1.81336 0.706909 -0.46346 -0.895587 -0.816871 0.271425 -0.537971 1.33403 1.01661 
-1.17082 -1.81683 0.702586 -0.465256 -0.896803 -0.812297 0.269514 -0.542699 1.33264 1.01679 

EvaluationHistory:
144.394 1.6184 1.11735 0.898168 0.86934 0.864421 0.860599 0.857608 0.854907 0.852493 0.850225 0.848105 0.846104 0.84423 0.842451 0.840779 0.839192 0.837695 0.836269 0.834919 0.833629 0.832404 0.831234 0.830119 0.829047 0.828025 0.82704 0.826098 0.825189 0.824318 0.823478 0.82267 0.82189 0.821139 0.82041 0.819706 0.819024 0.818364 0.817721 0.817099 0.816493 0.815904 0.815331 0.814774 0.814228 0.813698 0.813179 0.812673 0.812177 0.811693 0.811217 0.810753 0.810296 0.809849 0.809408 0.808976 0.80855 0.808133 0.807721 0.807317 0.806917 0.806524 0.806135 0.805753 0.805373 0.805 0.804629 0.804263 0.8039 0.803542 0.803187 0.802836 0.802486 0.802141 0.801798 0.801458 0.80112 0.800784 0.80045 0.800118 0.799787 0.799459 0.79913 0.798804 0.798479 0.798153 0.797827 0.797504 0.79718 0.796858 0.796535 0.796214 0.795892 0.79557 0.795247 0.794925 0.794603 0.79428 0.793955 0.793632 0.793307 
GradientHistory:
-0.873192 -0.256047 -151.216 -75.774 -47.6053 -16.651 -108.453 105.359 34.584 92.5128 
-0.19085 0.00149883 -0.194971 -2.55997 2.8688 -0.21627 1.0418 -0.739938 1.44328 0.604886 
0.0283327 0.0279701 -4.01618 -2.61725 -1.05654 -0.667735 -4.13155 4.08373 -2.23922 3.70447 
-0.050344 0.00879119 -0.0239636 -0.370503 0.470319 -0.150982 0.144175 -0.0541811 0.177181 0.147824 
-0.0109893 0.0129046 -0.525639 -0.279585 -0.103261 -0.196563 -0.605075 0.627917 -0.36644 0.596811 
-0.0234238 0.00983357 0.0281291 0.0261387 0.105325 -0.1266 0.0361257 0.00786951 0.0227479 0.0554704 
-0.00904669 0.0125274 -0.397675 -0.153143 -0.11111 -0.168029 -0.478958 0.498023 -0.30057 0.459798 
-0.0190935 0.0100625 0.0357834 0.0844156 0.0479559 -0.114843 0.0214936 0.0144433 0.0018614 0.0361965 
-0.0114887 0.0123618 -0.364453 -0.159724 -0.0802695 -0.157064 -0.42418 0.447097 -0.258855 0.418103 
-0.0206891 0.0100904 0.0317607 0.0588726 0.0606477 -0.109252 0.025254 0.0128085 0.00858071 0.0372036 
-0.0118122 0.0123644 -0.344551 -0.150454 -0.0750785 -0.147748 -0.397365 0.420509 -0.240325 0.391213 
-0.0206245 0.0101854 0.0308778 0.0570538 0.0551567 -0.103223 0.023712 0.0137129 0.00749433 0.0338748 
-0.0123823 0.0123733 -0.327302 -0.14599 -0.0680184 -0.139632 -0.372718 0.396493 -0.222597 0.367878 
-0.0208421 0.0102768 0.0295526 0.0517154 0.0528803 -0.0979582 0.023156 0.0141161 0.00783588 0.0315188 
-0.0128401 0.0124029 -0.311959 -0.141326 -0.062699 -0.132333 -0.35149 0.375705 -0.207528 0.34732 
-0.0209992 0.0103773 0.0284831 0.0476496 0.0501697 -0.0931343 0.0224862 0.0145511 0.00792263 0.0292092 
-0.0132814 0.0124425 -0.297406 -0.136713 -0.057953 -0.125683 -0.331884 0.356507 -0.193786 0.32832 
-0.0211579 0.0104839 0.0275161 0.0439553 0.0476455 -0.0887483 0.0218643 0.0149569 0.00802617 0.0271052 
-0.0136812 0.0124969 -0.284398 -0.132528 -0.0540286 -0.11968 -0.31463 0.339592 -0.181743 0.311446 
-0.0213118 0.0105968 0.0266632 0.0406933 0.0452243 -0.0847323 0.0212644 0.0153474 0.00810363 0.0251639 
-0.0140522 0.0125639 -0.272582 -0.128658 -0.0507124 -0.114221 -0.299206 0.324459 -0.171033 0.296255 
-0.0214654 0.0107155 0.0259219 0.0377914 0.0429288 -0.0810392 0.0207039 0.0157102 0.00817187 0.0233625 
-0.0144082 0.0126398 -0.261454 -0.124865 -0.0477865 -0.109205 -0.284982 0.3105 -0.161256 0.282208 
-0.0216191 0.0108398 0.0252569 0.0351967 0.0407535 -0.0776413 0.0201534 0.016075 0.00821488 0.0217158 
-0.014733 0.0127295 -0.251735 -0.121605 -0.0454259 -0.104654 -0.272633 0.298368 -0.152738 0.269869 
-0.0217755 0.0109698 0.0246734 0.0328668 0.0386962 -0.0744923 0.0196301 0.0164261 0.00824663 0.0201898 
-0.0150438 0.0128288 -0.242762 -0.118541 -0.0433884 -0.100459 -0.261391 0.28732 -0.145018 0.258577 
-0.0219355 0.0111053 0.0241657 0.030772 0.0367537 -0.0715658 0.0191349 0.0167627 0.00826946 0.0187721 
-0.0153448 0.0129366 -0.234399 -0.115624 -0.0416042 -0.0965762 -0.251061 0.277169 -0.137961 0.248161 
-0.0221 0.0112459 0.0237307 0.0288876 0.0349243 -0.0688403 0.0186719 0.0170815 0.00828753 0.01745 
-0.0156415 0.0130513 -0.226452 -0.112768 -0.0399936 -0.0929637 -0.241403 0.267683 -0.131416 0.238411 
-0.022269 0.0113915 0.023352 0.0271864 0.0332028 -0.0663011 0.0182301 0.0173932 0.00829637 0.016226 
-0.0159272 0.0131746 -0.219189 -0.110145 -0.038618 -0.0896239 -0.232657 0.259092 -0.125493 0.229528 
-0.0224429 0.0115419 0.0230179 0.0256424 0.0315808 -0.0639288 0.0178029 0.0177042 0.00829467 0.0150953 
-0.0161992 0.0133077 -0.212713 -0.107834 -0.0374937 -0.0865419 -0.224895 0.251466 -0.120206 0.221564 
-0.0226227 0.0116972 0.0227346 0.0242414 0.0300531 -0.0617018 0.0174014 0.0180032 0.00829068 0.014037 
-0.0164693 0.0134473 -0.206585 -0.105603 -0.0364818 -0.0836566 -0.217639 0.244343 -0.115286 0.214107 
-0.022808 0.0118574 0.0224845 0.0229624 0.0286117 -0.0596107 0.017011 0.018304 0.00827779 0.0130577 
-0.0167269 0.0135966 -0.201187 -0.103681 -0.0356841 -0.0809873 -0.211257 0.238076 -0.110912 0.207464 
-0.0229998 0.0120226 0.0222765 0.0217964 0.027252 -0.0576371 0.0166442 0.0185942 0.00826452 0.0121368 
-0.0169848 0.0137521 -0.196053 -0.101817 -0.0349604 -0.0784748 -0.205254 0.232188 -0.106813 0.201208 
-0.023198 0.0121925 0.0221053 0.0207329 0.0259698 -0.0557736 0.0162981 0.0188762 0.00825025 0.0112721 
-0.0172416 0.0139139 -0.191222 -0.10004 -0.0343172 -0.0761129 -0.199657 0.226705 -0.102995 0.19536 
-0.0234021 0.0123672 0.021957 0.0197562 0.0247582 -0.0540131 0.0159614 0.0191608 0.00823001 0.0104686 
-0.0174886 0.0140849 -0.187 -0.0985347 -0.0338362 -0.0739184 -0.194759 0.221908 -0.0995976 0.190164 
-0.0236132 0.0125468 0.021844 0.018864 0.0236141 -0.0523419 0.0156481 0.0194338 0.00821248 0.00970668 
-0.0177401 0.0142608 -0.182876 -0.0970172 -0.0333716 -0.0718333 -0.190035 0.21729 -0.0963449 0.185169 
-0.0238302 0.0127311 0.021749 0.0180424 0.0225313 -0.0507577 0.0153429 0.0197097 0.00819026 0.00899693 
-0.0179828 0.0144455 -0.179299 -0.0957486 -0.0330454 -0.0698916 -0.185924 0.213273 -0.0934519 0.180745 
-0.0240539 0.0129204 0.0216793 0.0172881 0.0215062 -0.0492493 0.0150541 0.0199801 0.00816873 0.00832584 
-0.0182259 0.0146366 -0.175942 -0.0945507 -0.0327665 -0.0680539 -0.18209 0.209536 -0.0907428 0.176603 
-0.0242841 0.0131146 0.0216292 0.0165936 0.0205345 -0.0478122 0.0147772 0.020249 0.00814621 0.00769389 
-0.0184663 0.014835 -0.172907 -0.0934856 -0.0325611 -0.0663231 -0.178628 0.206166 -0.0882585 0.17282 
-0.0245209 0.0133139 0.0215976 0.0159536 0.0196124 -0.0464404 0.0145121 0.0205162 0.00812326 0.0070974 
-0.0187046 0.0150407 -0.170161 -0.0925388 -0.0324192 -0.0646895 -0.175497 0.203124 -0.085973 0.169358 
-0.0247643 0.0135183 0.021585 0.0153648 0.018737 -0.0451282 0.0142601 0.02078 0.00810116 0.00653165 
-0.018943 0.015253 -0.167618 -0.0916656 -0.0323171 -0.0631397 -0.172606 0.200322 -0.0838374 0.166138 
-0.0250144 0.0137277 0.0215947 0.0148255 0.0179066 -0.0438716 0.0140249 0.0210366 0.00808215 0.00599085 
-0.0191859 0.0154704 -0.16513 -0.0907853 -0.0322145 -0.0616563 -0.169806 0.197618 -0.0817761 0.163029 
-0.0252702 0.0139419 0.0216122 0.0143259 0.0171163 -0.04267 0.0137934 0.0212982 0.00806003 0.00548478 
-0.0194203 0.0156969 -0.163098 -0.0901277 -0.0322185 -0.0602724 -0.167485 0.195383 -0.0799735 0.160363 
-0.0255326 0.0141615 0.0216481 0.0138677 0.0163645 -0.0415154 0.0135759 0.0215547 0.00804049 0.0050003 
-0.0196581 0.0159291 -0.161139 -0.0894795 -0.0322273 -0.0589469 -0.165264 0.193253 -0.0782421 0.157811 
-0.025801 0.0143862 0.0216929 0.0134439 0.0156476 -0.040407 0.0133638 0.0218141 0.00801955 0.00454345 
-0.0198905 0.0161697 -0.159513 -0.0889904 -0.03231 -0.0577009 -0.163395 0.191468 -0.0766989 0.155588 
-0.0260757 0.0146163 0.0217531 0.0130554 0.014964 -0.0393394 0.0131632 0.0220701 0.00800063 0.00410584 
-0.020125 0.0164166 -0.157983 -0.0885274 -0.0324038 -0.056508 -0.161639 0.1898 -0.0752276 0.153487 
-0.0263565 0.0148518 0.0218248 0.0126984 0.0143115 -0.0383111 0.0129709 0.0223256 0.00798241 0.00368887 
-0.0203584 0.0166707 -0.156632 -0.0881401 -0.0325311 -0.0553738 -0.160078 0.188326 -0.0738641 0.151577 
-0.0266434 0.0150927 0.0219141 0.0123747 0.0136898 -0.0373188 0.0127928 0.0225747 0.00796793 0.00328563 
-0.0205976 0.0169294 -0.155242 -0.0877068 -0.0326348 -0.0542756 -0.158499 0.186842 -0.0725074 0.149675 
-0.0269353 0.0153385 0.0220086 0.0120763 0.0130952 -0.0363634 0.0126176 0.0228277 0.00795193 0.0029053 
-0.0208299 0.0171967 -0.154172 -0.0874319 -0.0328092 -0.0532454 -0.157246 0.185677 -0.0713164 0.148073 
-0.0272328 0.0155898 0.0221178 0.0118065 0.0125274 -0.0354398 0.0124541 0.0230761 0.00793883 0.00253777 
-0.0210662 0.0174692 -0.153099 -0.0871341 -0.0329703 -0.0522497 -0.156006 0.18453 -0.070143 0.146503 
-0.027535 0.0158461 0.0222305 0.0115583 0.0119829 -0.0345487 0.012292 0.0233294 0.00792395 0.00219124 
-0.0212945 0.0177506 -0.15235 -0.0869992 -0.0332036 -0.0513173 -0.155089 0.183699 -0.0691287 0.145229 
-0.0278425 0.0161081 0.0223558 0.0113349 0.0114615 -0.0336852 0.0121395 0.0235795 0.00791136 0.00185625 
-0.0215198 0.0180395 -0.151771 -0.0869416 -0.0334696 -0.0504313 -0.154347 0.183041 -0.0682017 0.144121 
-0.0281547 0.0163756 0.0224838 0.0111298 0.0109595 -0.032849 0.0119871 0.0238353 0.00789688 0.0015399 
-0.0217435 0.018336 -0.151316 -0.0869372 -0.0337575 -0.0495843 -0.153734 0.182511 -0.0673386 0.14314 
-0.0284718 0.0166492 0.0226183 0.010944 0.010476 -0.0320371 0.0118381 0.0240934 0.00788225 0.00123772 
-0.0219662 0.0186401 -0.150962 -0.0869737 -0.034062 -0.0487722 -0.153226 0.182087 -0.0665273 0.142264 
-0.0287945 0.0169287 0.0227739 0.0107846 0.0100136 -0.0312465 0.0117064 0.0243404 0.00787387 0.000936751 
-0.0221711 0.0189558 -0.151115 -0.0872805 -0.0344862 -0.0480346 -0.153207 0.182135 -0.0659374 0.14182 
-0.0291205 0.0172146 0.0229075 0.0106267 0.00956019 -0.0304802 0.0115507 0.0246154 0.00785323 0.000671387 
-0.0223914 0.0192761 -0.150944 -0.0873906 -0.0348212 -0.0472841 -0.152887 0.1819 -0.065212 0.141131 
-0.029453 0.0175073 0.0230751 0.0105006 0.00912767 -0.0297291 0.0114234 0.0248687 0.00784414 0.000394805 
-0.0226141 0.0196021 -0.150743 -0.0874699 -0.0351399 -0.0465532 -0.152547 0.181649 -0.0644801 0.140437 
-0.0297887 0.0178057 0.0232443 0.0103882 0.00870956 -0.0289994 0.011295 0.0251273 0.00783336 0.000133474 
-0.0228212 0.0199395 -0.150951 -0.0877659 -0.0355548 -0.0458828 -0.152599 0.181776 -0.0639201 0.140089 
-0.0301284 0.0181106 0.0234212 0.0102923 0.008305 -0.0282871 0.0111705 0.0253866 0.00782312 -0.00011871 
-0.0230226 0.0202858 -0.151308 -0.0881332 -0.0360006 -0.0452455 -0.152795 0.182044 -0.0634206 0.139877 
-0.0304715 0.0184221 0.023598 0.0102075 0.00791115 -0.027592 0.0110421 0.0256539 0.00781024 -0.000355919 
-0.0232299 0.0206382 -0.151528 -0.088412 -0.0364062 -0.0446114 -0.152869 0.182198 -0.0628648 0.139569 
-0.0308187 0.0187402 0.0237942 0.0101444 0.00753212 -0.0269111 0.010928 0.0259114 0.00780274 -0.000594398 
-0.023414 0.0210039 -0.152273 -0.0889732 -0.0369374 -0.044046 -0.153436 0.182824 -0.0625161 0.139691 
-0.0311681 0.0190654 0.0239764 0.0100839 0.00715866 -0.0262466 0.0107967 0.026189 0.00778709 -0.000807979 
-0.0236196 0.021372 -0.152511 -0.0892389 -0.037337 -0.0434442 -0.153535 0.183006 -0.0619621 0.139422 
-0.0315213 0.0193974 0.0241863 0.0100487 0.00680032 -0.0255933 0.0106868 0.0264499 0.00777996 -0.0010302 
-0.0237962 0.0217549 -0.153361 -0.0898377 -0.0378848 -0.0429185 -0.154206 0.183736 -0.0616448 0.139651 

GradientNormHistory:
252.527 4.35734 8.77652 0.67928 1.28643 0.184939 1.0008 0.162312 0.900764 0.151255 0.845365 0.142789 0.796165 0.135168 0.753294 0.128276 0.713595 0.122041 0.67851 0.116382 0.647028 0.111238 0.617896 0.106556 0.592506 0.102278 0.569316 0.0983656 0.547945 0.0947883 0.527915 0.0915168 0.509722 0.0885186 0.493521 0.0857678 0.478345 0.0832414 0.464947 0.0809194 0.452323 0.0787876 0.440531 0.0768286 0.430172 0.0750301 0.420174 0.0733786 0.411436 0.071863 0.403276 0.0704734 0.395885 0.0692007 0.389181 0.0680374 0.382979 0.0669784 0.376974 0.0660143 0.371962 0.0651406 0.367166 0.0643502 0.363101 0.0636393 0.35928 0.063003 0.355869 0.0624394 0.352429 0.0619416 0.349669 0.0615082 0.346944 0.0611327 0.344895 0.0608144 0.343212 0.0605471 0.341804 0.0603292 0.34062 0.0601635 0.340452 0.0600327 0.339669 0.059954 0.33885 0.0599147 0.338846 0.059915 0.339146 0.0599502 0.339198 0.0600254 0.340273 0.0601278 0.340384 0.0602699 0.341685 
TrainingDirectionHistory:
0.873192 0.256047 151.216 75.774 47.6053 16.651 108.453 -105.359 -34.584 -92.5128 
0.19085 -0.00149883 0.194971 2.55997 -2.8688 0.21627 -1.0418 0.739938 -1.44328 -0.604886 
-0.0283327 -0.0279701 4.01618 2.61725 1.05654 0.667735 4.13155 -4.08373 2.23922 -3.70447 
0.050344 -0.00879119 0.0239636 0.370503 -0.470319 0.150982 -0.144175 0.0541811 -0.177181 -0.147824 
0.0109893 -0.0129046 0.525639 0.279585 0.103261 0.196563 0.605075 -0.627917 0.36644 -0.596811 
0.0234238 -0.00983357 -0.0281291 -0.0261387 -0.105325 0.1266 -0.0361257 -0.00786951 -0.0227479 -0.0554704 
0.00904669 -0.0125274 0.397675 0.153143 0.11111 0.168029 0.478958 -0.498023 0.30057 -0.459798 
0.0190935 -0.0100625 -0.0357834 -0.0844156 -0.0479559 0.114843 -0.0214936 -0.0144433 -0.0018614 -0.0361965 
0.0114887 -0.0123618 0.364453 0.159724 0.0802695 0.157064 0.42418 -0.447097 0.258855 -0.418103 
0.0206891 -0.0100904 -0.0317607 -0.0588726 -0.0606477 0.109252 -0.025254 -0.0128085 -0.00858071 -0.0372036 
0.0118122 -0.0123644 0.344551 0.150454 0.0750785 0.147748 0.397365 -0.420509 0.240325 -0.391213 
0.0206245 -0.0101854 -0.0308778 -0.0570538 -0.0551567 0.103223 -0.023712 -0.0137129 -0.00749433 -0.0338748 
0.0123823 -0.0123733 0.327302 0.14599 0.0680184 0.139632 0.372718 -0.396493 0.222597 -0.367878 
0.0208421 -0.0102768 -0.0295526 -0.0517154 -0.0528803 0.0979582 -0.023156 -0.0141161 -0.00783588 -0.0315188 
0.0128401 -0.0124029 0.311959 0.141326 0.062699 0.132333 0.35149 -0.375705 0.207528 -0.34732 
0.0209992 -0.0103773 -0.0284831 -0.0476496 -0.0501697 0.0931343 -0.0224862 -0.0145511 -0.00792263 -0.0292092 
0.0132814 -0.0124425 0.297406 0.136713 0.057953 0.125683 0.331884 -0.356507 0.193786 -0.32832 
0.0211579 -0.0104839 -0.0275161 -0.0439553 -0.0476455 0.0887483 -0.0218643 -0.0149569 -0.00802617 -0.0271052 
0.0136812 -0.0124969 0.284398 0.132528 0.0540286 0.11968 0.31463 -0.339592 0.181743 -0.311446 
0.0213118 -0.0105968 -0.0266632 -0.0406933 -0.0452243 0.0847323 -0.0212644 -0.0153474 -0.00810363 -0.0251639 
0.0140522 -0.0125639 0.272582 0.128658 0.0507124 0.114221 0.299206 -0.324459 0.171033 -0.296255 
0.0214654 -0.0107155 -0.0259219 -0.0377914 -0.0429288 0.0810392 -0.0207039 -0.0157102 -0.00817187 -0.0233625 
0.0144082 -0.0126398 0.261454 0.124865 0.0477865 0.109205 0.284982 -0.3105 0.161256 -0.282208 
0.0216191 -0.0108398 -0.0252569 -0.0351967 -0.0407535 0.0776413 -0.0201534 -0.016075 -0.00821488 -0.0217158 
0.014733 -0.0127295 0.251735 0.121605 0.0454259 0.104654 0.272633 -0.298368 0.152738 -0.269869 
0.0217755 -0.0109698 -0.0246734 -0.0328668 -0.0386962 0.0744923 -0.0196301 -0.0164261 -0.00824663 -0.0201898 
0.0150438 -0.0128288 0.242762 0.118541 0.0433884 0.100459 0.261391 -0.28732 0.145018 -0.258577 
0.0219355 -0.0111053 -0.0241657 -0.030772 -0.0367537 0.0715658 -0.0191349 -0.0167627 -0.00826946 -0.0187721 
0.0153448 -0.0129366 0.234399 0.115624 0.0416042 0.0965762 0.251061 -0.277169 0.137961 -0.248161 
0.0221 -0.0112459 -0.0237307 -0.0288876 -0.0349243 0.0688403 -0.0186719 -0.0170815 -0.00828753 -0.01745 
0.0156415 -0.0130513 0.226452 0.112768 0.0399936 0.0929637 0.241403 -0.267683 0.131416 -0.238411 
0.022269 -0.0113915 -0.023352 -0.0271864 -0.0332028 0.0663011 -0.0182301 -0.0173932 -0.00829637 -0.016226 
0.0159272 -0.0131746 0.219189 0.110145 0.038618 0.0896239 0.232657 -0.259092 0.125493 -0.229528 
0.0224429 -0.0115419 -0.0230179 -0.0256424 -0.0315808 0.0639288 -0.0178029 -0.0177042 -0.00829467 -0.0150953 
0.0161992 -0.0133077 0.212713 0.107834 0.0374937 0.0865419 0.224895 -0.251466 0.120206 -0.221564 
0.0226227 -0.0116972 -0.0227346 -0.0242414 -0.0300531 0.0617018 -0.0174014 -0.0180032 -0.00829068 -0.014037 
0.0164693 -0.0134473 0.206585 0.105603 0.0364818 0.0836566 0.217639 -0.244343 0.115286 -0.214107 
0.022808 -0.0118574 -0.0224845 -0.0229624 -0.0286117 0.0596107 -0.017011 -0.018304 -0.00827779 -0.0130577 
0.0167269 -0.0135966 0.201187 0.103681 0.0356841 0.0809873 0.211257 -0.238076 0.110912 -0.207464 
0.0229998 -0.0120226 -0.0222765 -0.0217964 -0.027252 0.0576371 -0.0166442 -0.0185942 -0.00826452 -0.0121368 
0.0169848 -0.0137521 0.196053 0.101817 0.0349604 0.0784748 0.205254 -0.232188 0.106813 -0.201208 
0.023198 -0.0121925 -0.0221053 -0.0207329 -0.0259698 0.0557736 -0.0162981 -0.0188762 -0.00825025 -0.0112721 
0.0172416 -0.0139139 0.191222 0.10004 0.0343172 0.0761129 0.199657 -0.226705 0.102995 -0.19536 
0.0234021 -0.0123672 -0.021957 -0.0197562 -0.0247582 0.0540131 -0.0159614 -0.0191608 -0.00823001 -0.0104686 
0.0174886 -0.0140849 0.187 0.0985347 0.0338362 0.0739184 0.194759 -0.221908 0.0995976 -0.190164 
0.0236132 -0.0125468 -0.021844 -0.018864 -0.0236141 0.0523419 -0.0156481 -0.0194338 -0.00821248 -0.00970668 
0.0177401 -0.0142608 0.182876 0.0970172 0.0333716 0.0718333 0.190035 -0.21729 0.0963449 -0.185169 
0.0238302 -0.0127311 -0.021749 -0.0180424 -0.0225313 0.0507577 -0.0153429 -0.0197097 -0.00819026 -0.00899693 
0.0179828 -0.0144455 0.179299 0.0957486 0.0330454 0.0698916 0.185924 -0.213273 0.0934519 -0.180745 
0.0240539 -0.0129204 -0.0216793 -0.0172881 -0.0215062 0.0492493 -0.0150541 -0.0199801 -0.00816873 -0.00832584 
0.0182259 -0.0146366 0.175942 0.0945507 0.0327665 0.0680539 0.18209 -0.209536 0.0907428 -0.176603 
0.0242841 -0.0131146 -0.0216292 -0.0165936 -0.0205345 0.0478122 -0.0147772 -0.020249 -0.00814621 -0.00769389 
0.0184663 -0.014835 0.172907 0.0934856 0.0325611 0.0663231 0.178628 -0.206166 0.0882585 -0.17282 
0.0245209 -0.0133139 -0.0215976 -0.0159536 -0.0196124 0.0464404 -0.0145121 -0.0205162 -0.00812326 -0.0070974 
0.0187046 -0.0150407 0.170161 0.0925388 0.0324192 0.0646895 0.175497 -0.203124 0.085973 -0.169358 
0.0247643 -0.0135183 -0.021585 -0.0153648 -0.018737 0.0451282 -0.0142601 -0.02078 -0.00810116 -0.00653165 
0.018943 -0.015253 0.167618 0.0916656 0.0323171 0.0631397 0.172606 -0.200322 0.0838374 -0.166138 
0.0250144 -0.0137277 -0.0215947 -0.0148255 -0.0179066 0.0438716 -0.0140249 -0.0210366 -0.00808215 -0.00599085 
0.0191859 -0.0154704 0.16513 0.0907853 0.0322145 0.0616563 0.169806 -0.197618 0.0817761 -0.163029 
0.0252702 -0.0139419 -0.0216122 -0.0143259 -0.0171163 0.04267 -0.0137934 -0.0212982 -0.00806003 -0.00548478 
0.0194203 -0.0156969 0.163098 0.0901277 0.0322185 0.0602724 0.167485 -0.195383 0.0799735 -0.160363 
0.0255326 -0.0141615 -0.0216481 -0.0138677 -0.0163645 0.0415154 -0.0135759 -0.0215547 -0.00804049 -0.0050003 
0.0196581 -0.0159291 0.161139 0.0894795 0.0322273 0.0589469 0.165264 -0.193253 0.0782421 -0.157811 
0.025801 -0.0143862 -0.0216929 -0.0134439 -0.0156476 0.040407 -0.0133638 -0.0218141 -0.00801955 -0.00454345 
0.0198905 -0.0161697 0.159513 0.0889904 0.03231 0.0577009 0.163395 -0.191468 0.0766989 -0.155588 
0.0260757 -0.0146163 -0.0217531 -0.0130554 -0.014964 0.0393394 -0.0131632 -0.0220701 -0.00800063 -0.00410584 
0.020125 -0.0164166 0.157983 0.0885274 0.0324038 0.056508 0.161639 -0.1898 0.0752276 -0.153487 
0.0263565 -0.0148518 -0.0218248 -0.0126984 -0.0143115 0.0383111 -0.0129709 -0.0223256 -0.00798241 -0.00368887 
0.0203584 -0.0166707 0.156632 0.0881401 0.0325311 0.0553738 0.160078 -0.188326 0.0738641 -0.151577 
0.0266434 -0.0150927 -0.0219141 -0.0123747 -0.0136898 0.0373188 -0.0127928 -0.0225747 -0.00796793 -0.00328563 
0.0205976 -0.0169294 0.155242 0.0877068 0.0326348 0.0542756 0.158499 -0.186842 0.0725074 -0.149675 
0.0269353 -0.0153385 -0.0220086 -0.0120763 -0.0130952 0.0363634 -0.0126176 -0.0228277 -0.00795193 -0.0029053 
0.0208299 -0.0171967 0.154172 0.0874319 0.0328092 0.0532454 0.157246 -0.185677 0.0713164 -0.148073 
0.0272328 -0.0155898 -0.0221178 -0.0118065 -0.0125274 0.0354398 -0.0124541 -0.0230761 -0.00793883 -0.00253777 
0.0210662 -0.0174692 0.153099 0.0871341 0.0329703 0.0522497 0.156006 -0.18453 0.070143 -0.146503 
0.027535 -0.0158461 -0.0222305 -0.0115583 -0.0119829 0.0345487 -0.012292 -0.0233294 -0.00792395 -0.00219124 
0.0212945 -0.0177506 0.15235 0.0869992 0.0332036 0.0513173 0.155089 -0.183699 0.0691287 -0.145229 
0.0278425 -0.0161081 -0.0223558 -0.0113349 -0.0114615 0.0336852 -0.0121395 -0.0235795 -0.00791136 -0.00185625 
0.0215198 -0.0180395 0.151771 0.0869416 0.0334696 0.0504313 0.154347 -0.183041 0.0682017 -0.144121 
0.0281547 -0.0163756 -0.0224838 -0.0111298 -0.0109595 0.032849 -0.0119871 -0.0238353 -0.00789688 -0.0015399 
0.0217435 -0.018336 0.151316 0.0869372 0.0337575 0.0495843 0.153734 -0.182511 0.0673386 -0.14314 
0.0284718 -0.0166492 -0.0226183 -0.010944 -0.010476 0.0320371 -0.0118381 -0.0240934 -0.00788225 -0.00123772 
0.0219662 -0.0186401 0.150962 0.0869737 0.034062 0.0487722 0.153226 -0.182087 0.0665273 -0.142264 
0.0287945 -0.0169287 -0.0227739 -0.0107846 -0.0100136 0.0312465 -0.0117064 -0.0243404 -0.00787387 -0.000936751 
0.0221711 -0.0189558 0.151115 0.0872805 0.0344862 0.0480346 0.153207 -0.182135 0.0659374 -0.14182 
0.0291205 -0.0172146 -0.0229075 -0.0106267 -0.00956019 0.0304802 -0.0115507 -0.0246154 -0.00785323 -0.000671387 
0.0223914 -0.0192761 0.150944 0.0873906 0.0348212 0.0472841 0.152887 -0.1819 0.065212 -0.141131 
0.029453 -0.0175073 -0.0230751 -0.0105006 -0.00912767 0.0297291 -0.0114234 -0.0248687 -0.00784414 -0.000394805 
0.0226141 -0.0196021 0.150743 0.0874699 0.0351399 0.0465532 0.152547 -0.181649 0.0644801 -0.140437 
0.0297887 -0.0178057 -0.0232443 -0.0103882 -0.00870956 0.0289994 -0.011295 -0.0251273 -0.00783336 -0.000133474 
0.0228212 -0.0199395 0.150951 0.0877659 0.0355548 0.0458828 0.152599 -0.181776 0.0639201 -0.140089 
0.0301284 -0.0181106 -0.0234212 -0.0102923 -0.008305 0.0282871 -0.0111705 -0.0253866 -0.00782312 0.00011871 
0.0230226 -0.0202858 0.151308 0.0881332 0.0360006 0.0452455 0.152795 -0.182044 0.0634206 -0.139877 
0.0304715 -0.0184221 -0.023598 -0.0102075 -0.00791115 0.027592 -0.0110421 -0.0256539 -0.00781024 0.000355919 
0.0232299 -0.0206382 0.151528 0.088412 0.0364062 0.0446114 0.152869 -0.182198 0.0628648 -0.139569 
0.0308187 -0.0187402 -0.0237942 -0.0101444 -0.00753212 0.0269111 -0.010928 -0.0259114 -0.00780274 0.000594398 
0.023414 -0.0210039 0.152273 0.0889732 0.0369374 0.044046 0.153436 -0.182824 0.0625161 -0.139691 
0.0311681 -0.0190654 -0.0239764 -0.0100839 -0.00715866 0.0262466 -0.0107967 -0.026189 -0.00778709 0.000807979 
0.0236196 -0.021372 0.152511 0.0892389 0.037337 0.0434442 0.153535 -0.183006 0.0619621 -0.139422 
0.0315213 -0.0193974 -0.0241863 -0.0100487 -0.00680032 0.0255933 -0.0106868 -0.0264499 -0.00777996 0.0010302 
0 0 0 0 0 0 0 0 0 0 

TrainingDirectionNormHistory:
252.527 4.35734 8.77652 0.67928 1.28643 0.184939 1.0008 0.162312 0.900764 0.151255 0.845365 0.142789 0.796165 0.135168 0.753294 0.128276 0.713595 0.122041 0.67851 0.116382 0.647028 0.111238 0.617896 0.106556 0.592506 0.102278 0.569316 0.0983656 0.547945 0.0947883 0.527915 0.0915168 0.509722 0.0885186 0.493521 0.0857678 0.478345 0.0832414 0.464947 0.0809194 0.452323 0.0787876 0.440531 0.0768286 0.430172 0.0750301 0.420174 0.0733786 0.411436 0.071863 0.403276 0.0704734 0.395885 0.0692007 0.389181 0.0680374 0.382979 0.0669784 0.376974 0.0660143 0.371962 0.0651406 0.367166 0.0643502 0.363101 0.0636393 0.35928 0.063003 0.355869 0.0624394 0.352429 0.0619416 0.349669 0.0615082 0.346944 0.0611327 0.344895 0.0608144 0.343212 0.0605471 0.341804 0.0603292 0.34062 0.0601635 0.340452 0.0600327 0.339669 0.059954 0.33885 0.0599147 0.338846 0.059915 0.339146 0.0599502 0.339198 0.0600254 0.340273 0.0601278 0.340384 0.0602699 0 
TrainingRateHistory:
0.00454537 0.0727259 0.00570574 0.129302 0.00594574 0.225877 0.00597347 0.202478 0.00595235 0.197355 0.00593295 0.19531 0.0059137 0.193885 0.00589618 0.19209 0.00588014 0.190848 0.00586508 0.189892 0.0058512 0.188673 0.00583815 0.18824 0.00582562 0.187853 0.00581391 0.187388 0.00580313 0.186608 0.00579312 0.185959 0.00578346 0.185698 0.00577424 0.185214 0.00576539 0.185182 0.00575684 0.184904 0.00574887 0.18447 0.00574113 0.184459 0.00573368 0.184023 0.00572653 0.183995 0.00571949 0.183833 0.00571271 0.183755 0.00570606 0.183732 0.00569961 0.183629 0.00569353 0.183173 0.00568757 0.183175 0.00568165 0.182909 0.00567585 0.182917 0.00567013 0.182739 0.0056646 0.182562 0.00565937 0.181953 0.00565429 0.181667 0.0056493 0.181054 0.00564437 0.180806 0.00563946 0.180463 0.00563439 0.1803 0.00562932 0.180167 0.00562475 0.179992 0.00561888 0.180348 0.00561432 0.179688 0.00560978 0.179513 0.00560499 0.17936 0.00559995 0.179198 0.00559557 0.179058 0.00559013 0.17898 0.00558597 0.178751 0 
