% Flood Neural Network. Conjugate Gradient Training History.
ElapsedTimeHistory:
0 6.00855e-270 0 0 0 0 0 0 0 0 0 0 0 0 0 0 0 0 0 0 0 0 0 0 0 0 0 0 0 0 0 0 0 0 0 0 0 0 0 0 0 0 0 0 0 0 0 0 0 0 0 0 0 0 0 0 0 0 0 0 0 0 0 0 0 0 0 0 0 0 0 0 0 0 0 0 0 0 0 0 0 0 0 0 0 0 0 0 0 0 0 0 0 0 0 0 0 0 0 0 0 
FreeParametersHistory:
0.363503 -0.66714 0.406976 -1.4688 -0.532423 -0.880545 -0.119438 -0.157245 -0.931827 -1.2311 
0.40301 -0.631582 0.538369 -1.3426 -0.462457 -0.798929 -0.375935 -0.0952619 -0.73052 -1.00209 
0.4109 -0.622268 0.55605 -1.30822 -0.465052 -0.778066 -0.420328 -0.0676658 -0.661756 -0.951045 
0.436472 -0.583291 0.559941 -1.16311 -0.565733 -0.696136 -0.496125 0.098084 -0.304407 -0.784463 
0.531373 -0.486312 0.453898 -0.866297 -0.992247 -0.55636 -0.247232 0.589303 0.608365 -0.670772 
0.531392 -0.486293 0.453877 -0.866238 -0.992332 -0.556332 -0.247182 0.5894 0.608546 -0.67075 
0.531412 -0.486272 0.453857 -0.866179 -0.992416 -0.556305 -0.24713 0.589498 0.608727 -0.670729 
0.531432 -0.486252 0.453837 -0.866119 -0.992501 -0.556277 -0.247078 0.589595 0.608907 -0.670709 
0.531453 -0.486231 0.453818 -0.86606 -0.992586 -0.55625 -0.247026 0.589693 0.609087 -0.67069 
0.531461 -0.486222 0.453811 -0.866037 -0.992618 -0.55624 -0.247005 0.58973 0.609155 -0.670683 
0.532473 -0.485181 0.454688 -0.865617 -0.992745 -0.556571 -0.245256 0.589704 0.60852 -0.672362 
0.532618 -0.484954 0.454781 -0.865582 -0.992728 -0.556647 -0.245027 0.589616 0.608328 -0.672615 
0.532931 -0.484168 0.454862 -0.865605 -0.992558 -0.556923 -0.244611 0.589109 0.607532 -0.67321 
0.534555 -0.470383 0.451273 -0.869118 -0.987296 -0.562018 -0.245035 0.576007 0.590897 -0.677926 
0.534101 -0.469134 0.450102 -0.870502 -0.986448 -0.562616 -0.246199 0.574107 0.589147 -0.677573 
0.534015 -0.468964 0.449897 -0.870835 -0.986316 -0.562721 -0.246385 0.573813 0.588928 -0.677516 
0.533918 -0.468793 0.449659 -0.871339 -0.986176 -0.562854 -0.246561 0.573496 0.58875 -0.677482 
0.53375 -0.468432 0.449157 -0.872773 -0.985896 -0.563202 -0.246787 0.572842 0.588512 -0.677556 
0.533003 -0.4567 0.437856 -0.925217 -0.979563 -0.575888 -0.242627 0.55626 0.586797 -0.689416 
0.535318 -0.454459 0.439455 -0.929228 -0.979932 -0.577493 -0.237396 0.556185 0.586842 -0.694613 
0.534859 -0.454798 0.438965 -0.931208 -0.979763 -0.57769 -0.238032 0.555931 0.587654 -0.694167 
0.535646 -0.454631 0.439811 -0.938575 -0.980016 -0.5791 -0.235282 0.556251 0.59088 -0.696994 
0.534912 -0.454895 0.438933 -0.942192 -0.979592 -0.579583 -0.236362 0.555531 0.591948 -0.696372 
0.534572 -0.45459 0.438361 -0.947342 -0.979096 -0.580554 -0.236572 0.554576 0.593117 -0.696763 
0.535705 -0.453065 0.439267 -0.952673 -0.978922 -0.58208 -0.233891 0.553968 0.5939 -0.699855 
0.540879 -0.426977 0.436835 -1.06186 -0.966216 -0.61011 -0.218544 0.526912 0.601246 -0.730638 
0.538545 -0.426857 0.433732 -1.06668 -0.96435 -0.61076 -0.223709 0.523772 0.600947 -0.727095 
0.538471 -0.426825 0.433627 -1.06686 -0.964274 -0.610794 -0.223886 0.523642 0.6009 -0.726985 
0.538381 -0.42674 0.433489 -1.0671 -0.964152 -0.610857 -0.224118 0.523435 0.600781 -0.72686 
0.538244 -0.426484 0.433247 -1.06757 -0.963888 -0.611017 -0.224523 0.522979 0.600437 -0.72669 
0.539213 -0.424952 0.434153 -1.06733 -0.963681 -0.61161 -0.222942 0.522536 0.598707 -0.728507 
0.540557 -0.418762 0.434615 -1.06844 -0.96086 -0.614155 -0.222705 0.517603 0.590353 -0.731301 
0.539597 -0.417301 0.433227 -1.07006 -0.959181 -0.614888 -0.225723 0.514839 0.587885 -0.729717 
0.539538 -0.417139 0.433142 -1.07024 -0.959031 -0.614974 -0.22594 0.51459 0.587657 -0.729632 
0.539424 -0.41632 0.432973 -1.07109 -0.958406 -0.615423 -0.22658 0.513559 0.586663 -0.729552 
0.540423 -0.406435 0.434118 -1.08025 -0.952702 -0.620885 -0.228452 0.504059 0.576381 -0.733 
0.541366 -0.40331 0.435507 -1.08344 -0.95137 -0.62275 -0.227422 0.501828 0.573965 -0.735366 
0.542154 -0.400435 0.437061 -1.0877 -0.950036 -0.624726 -0.226583 0.499627 0.572491 -0.737577 
0.542164 -0.382495 0.445191 -1.13345 -0.93719 -0.640357 -0.232635 0.478947 0.570404 -0.744364 
0.544149 -0.379089 0.44942 -1.14053 -0.936449 -0.643281 -0.228571 0.477712 0.57116 -0.749522 
0.543329 -0.379974 0.449295 -1.14287 -0.936277 -0.643338 -0.230169 0.477478 0.573597 -0.748107 
0.54314 -0.383802 0.457067 -1.16029 -0.938127 -0.64562 -0.227589 0.480721 0.593377 -0.749902 
0.543279 -0.383787 0.459115 -1.16472 -0.938046 -0.646606 -0.226993 0.480766 0.596759 -0.750776 
0.543183 -0.380199 0.4677 -1.18804 -0.934367 -0.653026 -0.228113 0.476254 0.606906 -0.75377 
0.546222 -0.368774 0.479524 -1.21113 -0.927665 -0.662885 -0.225241 0.467758 0.605477 -0.763531 
0.544496 -0.367487 0.478353 -1.21605 -0.924923 -0.664201 -0.230574 0.463912 0.604521 -0.760545 
0.544373 -0.367278 0.478291 -1.21652 -0.924632 -0.664366 -0.23102 0.463511 0.604303 -0.76035 
0.544176 -0.366405 0.478311 -1.21783 -0.923732 -0.664968 -0.232018 0.462297 0.603314 -0.760142 
0.544796 -0.353333 0.482193 -1.23151 -0.913728 -0.67323 -0.237266 0.449186 0.588335 -0.763868 
0.546862 -0.347459 0.486354 -1.23603 -0.910982 -0.676881 -0.234536 0.445886 0.582593 -0.769271 
0.546332 -0.347551 0.486949 -1.23896 -0.91041 -0.677422 -0.235931 0.445166 0.584637 -0.768444 
0.547164 -0.346576 0.490536 -1.24351 -0.910236 -0.678988 -0.233932 0.445281 0.587674 -0.770895 
0.546315 -0.345443 0.49434 -1.25433 -0.907992 -0.681767 -0.236749 0.442696 0.593568 -0.770386 
0.548219 -0.341383 0.502919 -1.26607 -0.906002 -0.686426 -0.233217 0.441067 0.597766 -0.776328 
0.547026 -0.340257 0.503683 -1.27223 -0.903574 -0.688089 -0.23725 0.438046 0.599069 -0.774476 
0.546856 -0.339755 0.504085 -1.27381 -0.902905 -0.68863 -0.238013 0.437251 0.599132 -0.774324 
0.5492 -0.28957 0.551982 -1.37877 -0.857932 -0.733948 -0.258337 0.387185 0.585379 -0.796369 
0.552143 -0.285899 0.558839 -1.38209 -0.858049 -0.736948 -0.250579 0.388287 0.584596 -0.80458 
0.552188 -0.28584 0.558955 -1.38217 -0.858048 -0.736999 -0.250461 0.388302 0.5846 -0.804709 
0.552243 -0.285765 0.559111 -1.38228 -0.858042 -0.73707 -0.25032 0.388315 0.584624 -0.804868 
0.551625 -0.285956 0.559632 -1.38532 -0.85737 -0.737545 -0.252236 0.387448 0.587323 -0.803594 
0.552782 -0.28451 0.567014 -1.39457 -0.857064 -0.740613 -0.249069 0.38791 0.59567 -0.807712 
0.551913 -0.284225 0.56803 -1.39959 -0.855485 -0.74172 -0.252122 0.386122 0.59876 -0.806109 
0.551488 -0.283118 0.570283 -1.40546 -0.85356 -0.743514 -0.254185 0.384259 0.601355 -0.805881 
0.552885 -0.279495 0.577375 -1.41398 -0.851188 -0.747544 -0.251596 0.382961 0.603403 -0.811058 
0.582394 0.0368796 1.04292 -2.23261 -0.517457 -1.09642 -0.343546 0.110569 0.685228 -1.03813 
0.583828 0.0397334 1.05247 -2.23434 -0.519274 -1.1018 -0.32771 0.117971 0.678446 -1.05415 
0.583929 0.0399831 1.05307 -2.2346 -0.519144 -1.10226 -0.326591 0.118496 0.677523 -1.05548 
0.584091 0.0405249 1.05391 -2.23542 -0.518263 -1.10324 -0.324798 0.119327 0.674935 -1.0581 
0.584307 0.0418273 1.05461 -2.2382 -0.514561 -1.10549 -0.322437 0.120332 0.667495 -1.06346 
0.583634 0.0418143 1.04996 -2.24156 -0.509088 -1.10495 -0.330171 0.116262 0.66477 -1.05918 
0.583548 0.0418594 1.04923 -2.24225 -0.508092 -1.10499 -0.331127 0.115776 0.663996 -1.0589 
0.583401 0.0420921 1.04756 -2.24427 -0.505407 -1.10543 -0.332651 0.115061 0.66127 -1.05929 
0.583214 0.0439013 1.04124 -2.25541 -0.492576 -1.10959 -0.333347 0.115364 0.644532 -1.06837 
0.583763 0.0462578 1.03828 -2.26806 -0.48311 -1.11591 -0.324914 0.120672 0.629448 -1.08517 
0.583354 0.0460008 1.03592 -2.27317 -0.482188 -1.11544 -0.329737 0.118038 0.637231 -1.08117 
0.583366 0.0459898 1.03523 -2.28876 -0.485821 -1.11719 -0.329381 0.118226 0.662727 -1.0809 
0.583736 0.0463847 1.03689 -2.29399 -0.487578 -1.11907 -0.32476 0.120812 0.669027 -1.08535 
0.583822 0.046543 1.03723 -2.29561 -0.487573 -1.1197 -0.323643 0.121461 0.670106 -1.08676 
0.58397 0.0470706 1.03761 -2.30067 -0.486141 -1.12158 -0.321536 0.122778 0.671647 -1.09065 
0.583586 0.0472506 1.03534 -2.30346 -0.48172 -1.12184 -0.325748 0.120637 0.669234 -1.08944 
0.583345 0.0478343 1.03375 -2.30777 -0.475952 -1.12332 -0.328083 0.119644 0.664608 -1.0914 
0.583693 0.0499492 1.0352 -2.31833 -0.465799 -1.12967 -0.322573 0.123393 0.653093 -1.10578 
0.583286 0.0527303 1.03343 -2.34204 -0.446243 -1.13832 -0.324986 0.123252 0.645856 -1.11975 
0.58223 0.0583893 1.03335 -2.41046 -0.409494 -1.15881 -0.332381 0.121653 0.666942 -1.14657 
0.583039 0.0597615 1.03994 -2.42111 -0.410443 -1.16469 -0.32214 0.127617 0.674022 -1.15897 
0.583153 0.0600266 1.04132 -2.42384 -0.410402 -1.16591 -0.32061 0.128534 0.676386 -1.16116 
0.58333 0.0618874 1.05083 -2.45079 -0.406039 -1.17513 -0.316453 0.131499 0.702349 -1.17341 
0.581853 0.063401 1.05377 -2.48397 -0.389149 -1.18259 -0.329902 0.125056 0.729104 -1.17567 
0.576212 0.108827 1.2272 -2.99046 -0.135088 -1.3802 -0.330053 0.145767 0.998076 -1.44168 
0.577404 0.112884 1.23347 -2.98233 -0.107671 -1.39343 -0.313954 0.157351 0.934897 -1.47828 
0.576468 0.113951 1.23006 -2.98298 -0.0852407 -1.39513 -0.320521 0.154791 0.912368 -1.48575 
0.576391 0.114009 1.22987 -2.98312 -0.0837594 -1.39519 -0.321108 0.154533 0.911201 -1.4861 
0.576297 0.114061 1.22972 -2.98336 -0.0821861 -1.39522 -0.321848 0.154191 0.910227 -1.48637 
0.576287 0.114066 1.22972 -2.98339 -0.0820311 -1.39522 -0.321929 0.154153 0.910153 -1.48639 
0.576241 0.114084 1.22972 -2.98355 -0.0813906 -1.39522 -0.322296 0.153978 0.909932 -1.48646 
0.576193 0.114102 1.22975 -2.98374 -0.0807487 -1.39521 -0.32269 0.153787 0.909792 -1.4865 
0.576143 0.114119 1.22983 -2.98396 -0.0801153 -1.39521 -0.323103 0.153587 0.909735 -1.48654 
0.576092 0.114136 1.22995 -2.98421 -0.0795002 -1.3952 -0.323524 0.153383 0.909759 -1.48657 
0.576041 0.114154 1.23013 -2.98448 -0.0789131 -1.39521 -0.323943 0.15318 0.909865 -1.4866 
0.576193 0.114285 1.23768 -2.98744 -0.0838135 -1.3963 -0.322401 0.154095 0.920609 -1.48722 

FreeParametersNormHistory:
0.363503 -0.66714 0.406976 -1.4688 -0.532423 -0.880545 -0.119438 -0.157245 -0.931827 -1.2311 
0.40301 -0.631582 0.538369 -1.3426 -0.462457 -0.798929 -0.375935 -0.0952619 -0.73052 -1.00209 
0.4109 -0.622268 0.55605 -1.30822 -0.465052 -0.778066 -0.420328 -0.0676658 -0.661756 -0.951045 
0.436472 -0.583291 0.559941 -1.16311 -0.565733 -0.696136 -0.496125 0.098084 -0.304407 -0.784463 
0.531373 -0.486312 0.453898 -0.866297 -0.992247 -0.55636 -0.247232 0.589303 0.608365 -0.670772 
0.531392 -0.486293 0.453877 -0.866238 -0.992332 -0.556332 -0.247182 0.5894 0.608546 -0.67075 
0.531412 -0.486272 0.453857 -0.866179 -0.992416 -0.556305 -0.24713 0.589498 0.608727 -0.670729 
0.531432 -0.486252 0.453837 -0.866119 -0.992501 -0.556277 -0.247078 0.589595 0.608907 -0.670709 
0.531453 -0.486231 0.453818 -0.86606 -0.992586 -0.55625 -0.247026 0.589693 0.609087 -0.67069 
0.531461 -0.486222 0.453811 -0.866037 -0.992618 -0.55624 -0.247005 0.58973 0.609155 -0.670683 
0.532473 -0.485181 0.454688 -0.865617 -0.992745 -0.556571 -0.245256 0.589704 0.60852 -0.672362 
0.532618 -0.484954 0.454781 -0.865582 -0.992728 -0.556647 -0.245027 0.589616 0.608328 -0.672615 
0.532931 -0.484168 0.454862 -0.865605 -0.992558 -0.556923 -0.244611 0.589109 0.607532 -0.67321 
0.534555 -0.470383 0.451273 -0.869118 -0.987296 -0.562018 -0.245035 0.576007 0.590897 -0.677926 
0.534101 -0.469134 0.450102 -0.870502 -0.986448 -0.562616 -0.246199 0.574107 0.589147 -0.677573 
0.534015 -0.468964 0.449897 -0.870835 -0.986316 -0.562721 -0.246385 0.573813 0.588928 -0.677516 
0.533918 -0.468793 0.449659 -0.871339 -0.986176 -0.562854 -0.246561 0.573496 0.58875 -0.677482 
0.53375 -0.468432 0.449157 -0.872773 -0.985896 -0.563202 -0.246787 0.572842 0.588512 -0.677556 
0.533003 -0.4567 0.437856 -0.925217 -0.979563 -0.575888 -0.242627 0.55626 0.586797 -0.689416 
0.535318 -0.454459 0.439455 -0.929228 -0.979932 -0.577493 -0.237396 0.556185 0.586842 -0.694613 
0.534859 -0.454798 0.438965 -0.931208 -0.979763 -0.57769 -0.238032 0.555931 0.587654 -0.694167 
0.535646 -0.454631 0.439811 -0.938575 -0.980016 -0.5791 -0.235282 0.556251 0.59088 -0.696994 
0.534912 -0.454895 0.438933 -0.942192 -0.979592 -0.579583 -0.236362 0.555531 0.591948 -0.696372 
0.534572 -0.45459 0.438361 -0.947342 -0.979096 -0.580554 -0.236572 0.554576 0.593117 -0.696763 
0.535705 -0.453065 0.439267 -0.952673 -0.978922 -0.58208 -0.233891 0.553968 0.5939 -0.699855 
0.540879 -0.426977 0.436835 -1.06186 -0.966216 -0.61011 -0.218544 0.526912 0.601246 -0.730638 
0.538545 -0.426857 0.433732 -1.06668 -0.96435 -0.61076 -0.223709 0.523772 0.600947 -0.727095 
0.538471 -0.426825 0.433627 -1.06686 -0.964274 -0.610794 -0.223886 0.523642 0.6009 -0.726985 
0.538381 -0.42674 0.433489 -1.0671 -0.964152 -0.610857 -0.224118 0.523435 0.600781 -0.72686 
0.538244 -0.426484 0.433247 -1.06757 -0.963888 -0.611017 -0.224523 0.522979 0.600437 -0.72669 
0.539213 -0.424952 0.434153 -1.06733 -0.963681 -0.61161 -0.222942 0.522536 0.598707 -0.728507 
0.540557 -0.418762 0.434615 -1.06844 -0.96086 -0.614155 -0.222705 0.517603 0.590353 -0.731301 
0.539597 -0.417301 0.433227 -1.07006 -0.959181 -0.614888 -0.225723 0.514839 0.587885 -0.729717 
0.539538 -0.417139 0.433142 -1.07024 -0.959031 -0.614974 -0.22594 0.51459 0.587657 -0.729632 
0.539424 -0.41632 0.432973 -1.07109 -0.958406 -0.615423 -0.22658 0.513559 0.586663 -0.729552 
0.540423 -0.406435 0.434118 -1.08025 -0.952702 -0.620885 -0.228452 0.504059 0.576381 -0.733 
0.541366 -0.40331 0.435507 -1.08344 -0.95137 -0.62275 -0.227422 0.501828 0.573965 -0.735366 
0.542154 -0.400435 0.437061 -1.0877 -0.950036 -0.624726 -0.226583 0.499627 0.572491 -0.737577 
0.542164 -0.382495 0.445191 -1.13345 -0.93719 -0.640357 -0.232635 0.478947 0.570404 -0.744364 
0.544149 -0.379089 0.44942 -1.14053 -0.936449 -0.643281 -0.228571 0.477712 0.57116 -0.749522 
0.543329 -0.379974 0.449295 -1.14287 -0.936277 -0.643338 -0.230169 0.477478 0.573597 -0.748107 
0.54314 -0.383802 0.457067 -1.16029 -0.938127 -0.64562 -0.227589 0.480721 0.593377 -0.749902 
0.543279 -0.383787 0.459115 -1.16472 -0.938046 -0.646606 -0.226993 0.480766 0.596759 -0.750776 
0.543183 -0.380199 0.4677 -1.18804 -0.934367 -0.653026 -0.228113 0.476254 0.606906 -0.75377 
0.546222 -0.368774 0.479524 -1.21113 -0.927665 -0.662885 -0.225241 0.467758 0.605477 -0.763531 
0.544496 -0.367487 0.478353 -1.21605 -0.924923 -0.664201 -0.230574 0.463912 0.604521 -0.760545 
0.544373 -0.367278 0.478291 -1.21652 -0.924632 -0.664366 -0.23102 0.463511 0.604303 -0.76035 
0.544176 -0.366405 0.478311 -1.21783 -0.923732 -0.664968 -0.232018 0.462297 0.603314 -0.760142 
0.544796 -0.353333 0.482193 -1.23151 -0.913728 -0.67323 -0.237266 0.449186 0.588335 -0.763868 
0.546862 -0.347459 0.486354 -1.23603 -0.910982 -0.676881 -0.234536 0.445886 0.582593 -0.769271 
0.546332 -0.347551 0.486949 -1.23896 -0.91041 -0.677422 -0.235931 0.445166 0.584637 -0.768444 
0.547164 -0.346576 0.490536 -1.24351 -0.910236 -0.678988 -0.233932 0.445281 0.587674 -0.770895 
0.546315 -0.345443 0.49434 -1.25433 -0.907992 -0.681767 -0.236749 0.442696 0.593568 -0.770386 
0.548219 -0.341383 0.502919 -1.26607 -0.906002 -0.686426 -0.233217 0.441067 0.597766 -0.776328 
0.547026 -0.340257 0.503683 -1.27223 -0.903574 -0.688089 -0.23725 0.438046 0.599069 -0.774476 
0.546856 -0.339755 0.504085 -1.27381 -0.902905 -0.68863 -0.238013 0.437251 0.599132 -0.774324 
0.5492 -0.28957 0.551982 -1.37877 -0.857932 -0.733948 -0.258337 0.387185 0.585379 -0.796369 
0.552143 -0.285899 0.558839 -1.38209 -0.858049 -0.736948 -0.250579 0.388287 0.584596 -0.80458 
0.552188 -0.28584 0.558955 -1.38217 -0.858048 -0.736999 -0.250461 0.388302 0.5846 -0.804709 
0.552243 -0.285765 0.559111 -1.38228 -0.858042 -0.73707 -0.25032 0.388315 0.584624 -0.804868 
0.551625 -0.285956 0.559632 -1.38532 -0.85737 -0.737545 -0.252236 0.387448 0.587323 -0.803594 
0.552782 -0.28451 0.567014 -1.39457 -0.857064 -0.740613 -0.249069 0.38791 0.59567 -0.807712 
0.551913 -0.284225 0.56803 -1.39959 -0.855485 -0.74172 -0.252122 0.386122 0.59876 -0.806109 
0.551488 -0.283118 0.570283 -1.40546 -0.85356 -0.743514 -0.254185 0.384259 0.601355 -0.805881 
0.552885 -0.279495 0.577375 -1.41398 -0.851188 -0.747544 -0.251596 0.382961 0.603403 -0.811058 
0.582394 0.0368796 1.04292 -2.23261 -0.517457 -1.09642 -0.343546 0.110569 0.685228 -1.03813 
0.583828 0.0397334 1.05247 -2.23434 -0.519274 -1.1018 -0.32771 0.117971 0.678446 -1.05415 
0.583929 0.0399831 1.05307 -2.2346 -0.519144 -1.10226 -0.326591 0.118496 0.677523 -1.05548 
0.584091 0.0405249 1.05391 -2.23542 -0.518263 -1.10324 -0.324798 0.119327 0.674935 -1.0581 
0.584307 0.0418273 1.05461 -2.2382 -0.514561 -1.10549 -0.322437 0.120332 0.667495 -1.06346 
0.583634 0.0418143 1.04996 -2.24156 -0.509088 -1.10495 -0.330171 0.116262 0.66477 -1.05918 
0.583548 0.0418594 1.04923 -2.24225 -0.508092 -1.10499 -0.331127 0.115776 0.663996 -1.0589 
0.583401 0.0420921 1.04756 -2.24427 -0.505407 -1.10543 -0.332651 0.115061 0.66127 -1.05929 
0.583214 0.0439013 1.04124 -2.25541 -0.492576 -1.10959 -0.333347 0.115364 0.644532 -1.06837 
0.583763 0.0462578 1.03828 -2.26806 -0.48311 -1.11591 -0.324914 0.120672 0.629448 -1.08517 
0.583354 0.0460008 1.03592 -2.27317 -0.482188 -1.11544 -0.329737 0.118038 0.637231 -1.08117 
0.583366 0.0459898 1.03523 -2.28876 -0.485821 -1.11719 -0.329381 0.118226 0.662727 -1.0809 
0.583736 0.0463847 1.03689 -2.29399 -0.487578 -1.11907 -0.32476 0.120812 0.669027 -1.08535 
0.583822 0.046543 1.03723 -2.29561 -0.487573 -1.1197 -0.323643 0.121461 0.670106 -1.08676 
0.58397 0.0470706 1.03761 -2.30067 -0.486141 -1.12158 -0.321536 0.122778 0.671647 -1.09065 
0.583586 0.0472506 1.03534 -2.30346 -0.48172 -1.12184 -0.325748 0.120637 0.669234 -1.08944 
0.583345 0.0478343 1.03375 -2.30777 -0.475952 -1.12332 -0.328083 0.119644 0.664608 -1.0914 
0.583693 0.0499492 1.0352 -2.31833 -0.465799 -1.12967 -0.322573 0.123393 0.653093 -1.10578 
0.583286 0.0527303 1.03343 -2.34204 -0.446243 -1.13832 -0.324986 0.123252 0.645856 -1.11975 
0.58223 0.0583893 1.03335 -2.41046 -0.409494 -1.15881 -0.332381 0.121653 0.666942 -1.14657 
0.583039 0.0597615 1.03994 -2.42111 -0.410443 -1.16469 -0.32214 0.127617 0.674022 -1.15897 
0.583153 0.0600266 1.04132 -2.42384 -0.410402 -1.16591 -0.32061 0.128534 0.676386 -1.16116 
0.58333 0.0618874 1.05083 -2.45079 -0.406039 -1.17513 -0.316453 0.131499 0.702349 -1.17341 
0.581853 0.063401 1.05377 -2.48397 -0.389149 -1.18259 -0.329902 0.125056 0.729104 -1.17567 
0.576212 0.108827 1.2272 -2.99046 -0.135088 -1.3802 -0.330053 0.145767 0.998076 -1.44168 
0.577404 0.112884 1.23347 -2.98233 -0.107671 -1.39343 -0.313954 0.157351 0.934897 -1.47828 
0.576468 0.113951 1.23006 -2.98298 -0.0852407 -1.39513 -0.320521 0.154791 0.912368 -1.48575 
0.576391 0.114009 1.22987 -2.98312 -0.0837594 -1.39519 -0.321108 0.154533 0.911201 -1.4861 
0.576297 0.114061 1.22972 -2.98336 -0.0821861 -1.39522 -0.321848 0.154191 0.910227 -1.48637 
0.576287 0.114066 1.22972 -2.98339 -0.0820311 -1.39522 -0.321929 0.154153 0.910153 -1.48639 
0.576241 0.114084 1.22972 -2.98355 -0.0813906 -1.39522 -0.322296 0.153978 0.909932 -1.48646 
0.576193 0.114102 1.22975 -2.98374 -0.0807487 -1.39521 -0.32269 0.153787 0.909792 -1.4865 
0.576143 0.114119 1.22983 -2.98396 -0.0801153 -1.39521 -0.323103 0.153587 0.909735 -1.48654 
0.576092 0.114136 1.22995 -2.98421 -0.0795002 -1.3952 -0.323524 0.153383 0.909759 -1.48657 
0.576041 0.114154 1.23013 -2.98448 -0.0789131 -1.39521 -0.323943 0.15318 0.909865 -1.4866 
0.576193 0.114285 1.23768 -2.98744 -0.0838135 -1.3963 -0.322401 0.154095 0.920609 -1.48722 

EvaluationHistory:
17.445 8.86923 8.60203 7.20305 0.785923 0.785923 0.785923 0.785922 0.785922 0.785922 0.785461 0.785452 0.785419 0.784585 0.784376 0.78437 0.784363 0.78434 0.782899 0.780201 0.780088 0.779652 0.779337 0.779238 0.778759 0.775787 0.771986 0.771982 0.771975 0.771961 0.771575 0.770922 0.77 0.769995 0.769976 0.769386 0.769095 0.769087 0.766729 0.764629 0.764203 0.762168 0.762089 0.76151 0.760952 0.758008 0.75799 0.757914 0.756207 0.754117 0.753869 0.753304 0.752413 0.752118 0.750567 0.750524 0.74428 0.736191 0.736189 0.736187 0.735814 0.734727 0.733756 0.73371 0.732164 0.615284 0.583834 0.58367 0.583327 0.58202 0.574732 0.574612 0.574219 0.57066 0.569602 0.565953 0.561976 0.559751 0.559629 0.559231 0.557134 0.556255 0.552748 0.550152 0.540176 0.527791 0.527488 0.524295 0.519521 0.488159 0.375949 0.353328 0.353221 0.353188 0.353187 0.353163 0.353143 0.353131 0.353124 0.353116 0.349598 
GradientHistory:
-3.37968 -3.04188 -11.2403 -10.7955 -5.9854 -6.98206 21.9427 -5.30253 -17.2213 -19.5912 
0 0 0 0 0 0 0 0 0 0 
0 0 0 0 0 0 0 0 0 0 
0 0 0 0 0 0 0 0 0 0 
0 0 0 0 0 0 0 0 0 0 
0 0 0 0 0 0 0 0 0 0 
0 0 0 0 0 0 0 0 0 0 
0 0 0 0 0 0 0 0 0 0 
0 0 0 0 0 0 0 0 0 0 
0 0 0 0 0 0 0 0 0 0 
0 0 0 0 0 0 0 0 0 0 
0 0 0 0 0 0 0 0 0 0 
0 0 0 0 0 0 0 0 0 0 
0 0 0 0 0 0 0 0 0 0 
0 0 0 0 0 0 0 0 0 0 
0 0 0 0 0 0 0 0 0 0 
0 0 0 0 0 0 0 0 0 0 
0 0 0 0 0 0 0 0 0 0 
0 0 0 0 0 0 0 0 0 0 
0 0 0 0 0 0 0 0 0 0 
0 0 0 0 0 0 0 0 0 0 
0 0 0 0 0 0 0 0 0 0 
0 0 0 0 0 0 0 0 0 0 
0 0 0 0 0 0 0 0 0 0 
0 0 0 0 0 0 0 0 0 0 
0 0 0 0 0 0 0 0 0 0 
0 0 0 0 0 0 0 0 0 0 
0 0 0 0 0 0 0 0 0 0 
0 0 0 0 0 0 0 0 0 0 
0 0 0 0 0 0 0 0 0 0 
0 0 0 0 0 0 0 0 0 0 
0 0 0 0 0 0 0 0 0 0 
0 0 0 0 0 0 0 0 0 0 
0 0 0 0 0 0 0 0 0 0 
0 0 0 0 0 0 0 0 0 0 
0 0 0 0 0 0 0 0 0 0 
0 0 0 0 0 0 0 0 0 0 
0 0 0 0 0 0 0 0 0 0 
0 0 0 0 0 0 0 0 0 0 
0 0 0 0 0 0 0 0 0 0 
0 0 0 0 0 0 0 0 0 0 
0 0 0 0 0 0 0 0 0 0 
0 0 0 0 0 0 0 0 0 0 
0 0 0 0 0 0 0 0 0 0 
0 0 0 0 0 0 0 0 0 0 
0 0 0 0 0 0 0 0 0 0 
0 0 0 0 0 0 0 0 0 0 
0 0 0 0 0 0 0 0 0 0 
0 0 0 0 0 0 0 0 0 0 
0 0 0 0 0 0 0 0 0 0 
0 0 0 0 0 0 0 0 0 0 
0 0 0 0 0 0 0 0 0 0 
0 0 0 0 0 0 0 0 0 0 
0 0 0 0 0 0 0 0 0 0 
0 0 0 0 0 0 0 0 0 0 
0 0 0 0 0 0 0 0 0 0 
0 0 0 0 0 0 0 0 0 0 
0 0 0 0 0 0 0 0 0 0 
0 0 0 0 0 0 0 0 0 0 
0 0 0 0 0 0 0 0 0 0 
0 0 0 0 0 0 0 0 0 0 
0 0 0 0 0 0 0 0 0 0 
0 0 0 0 0 0 0 0 0 0 
0 0 0 0 0 0 0 0 0 0 
0 0 0 0 0 0 0 0 0 0 
0 0 0 0 0 0 0 0 0 0 
0 0 0 0 0 0 0 0 0 0 
0 0 0 0 0 0 0 0 0 0 
0 0 0 0 0 0 0 0 0 0 
0 0 0 0 0 0 0 0 0 0 
0 0 0 0 0 0 0 0 0 0 
0 0 0 0 0 0 0 0 0 0 
0 0 0 0 0 0 0 0 0 0 
0 0 0 0 0 0 0 0 0 0 
0 0 0 0 0 0 0 0 0 0 
0 0 0 0 0 0 0 0 0 0 
0 0 0 0 0 0 0 0 0 0 
0 0 0 0 0 0 0 0 0 0 
0 0 0 0 0 0 0 0 0 0 
0 0 0 0 0 0 0 0 0 0 
0 0 0 0 0 0 0 0 0 0 
0 0 0 0 0 0 0 0 0 0 
0 0 0 0 0 0 0 0 0 0 
0 0 0 0 0 0 0 0 0 0 
0 0 0 0 0 0 0 0 0 0 
0 0 0 0 0 0 0 0 0 0 
0 0 0 0 0 0 0 0 0 0 
0 0 0 0 0 0 0 0 0 0 
0 0 0 0 0 0 0 0 0 0 
0 0 0 0 0 0 0 0 0 0 
0 0 0 0 0 0 0 0 0 0 
0 0 0 0 0 0 0 0 0 0 
0 0 0 0 0 0 0 0 0 0 
0 0 0 0 0 0 0 0 0 0 
0 0 0 0 0 0 0 0 0 0 
0 0 0 0 0 0 0 0 0 0 
0 0 0 0 0 0 0 0 0 0 
0 0 0 0 0 0 0 0 0 0 
0 0 0 0 0 0 0 0 0 0 
0 0 0 0 0 0 0 0 0 0 
0 0 0 0 0 0 0 0 0 0 

GradientNormHistory:
39.2189 14.3631 17.5502 24.1296 0.326557 0.320702 0.314719 0.308613 0.302392 0.29997 0.103745 0.123815 0.183412 0.240462 0.094505 0.0945175 0.10879 0.156458 0.70844 0.0925589 0.120482 0.189505 0.0967754 0.22227 0.147647 0.862836 0.153093 0.164307 0.184175 0.227116 0.180997 0.379141 0.091019 0.111958 0.179085 0.220169 0.123388 0.256789 0.541111 0.203776 0.202656 0.0878555 0.11353 0.199101 0.703317 0.177046 0.213933 0.307166 0.571907 0.11963 0.181705 0.19279 0.234728 0.47473 0.145494 0.219642 1.21643 0.146641 0.155136 0.167672 0.224682 0.344002 0.144475 0.366937 0.234245 2.37541 0.613129 0.682789 0.85206 1.13321 0.383278 0.449074 0.613251 0.752964 0.628007 0.511807 0.664801 0.299672 0.342799 0.531509 0.343506 0.573279 0.466438 0.465613 1.32825 0.458398 0.623672 1.18353 1.0964 2.73585 2.15765 0.610087 0.532527 0.467146 0.462371 0.445923 0.439157 0.443923 0.45987 0.484612 0.548992 
TrainingDirectionHistory:
3.37968 3.04188 11.2403 10.7955 5.9854 6.98206 -21.9427 5.30253 17.2213 19.5912 
2.98968 3.52917 6.69943 13.0283 -0.983467 7.90489 -16.8203 10.4561 26.0545 19.3392 
2.42229 3.69213 0.368498 13.7458 -9.53695 7.76077 -7.17982 15.7006 33.8497 15.7795 
4.00188 4.08952 -4.47176 12.5163 -17.9858 5.8943 10.4957 20.7144 38.4911 4.79428 
4.11003 4.19448 -4.37582 12.5609 -18.0021 5.86085 10.6848 20.7182 38.4318 4.61525 
4.2161 4.29872 -4.28215 12.6048 -18.0176 5.82766 10.8698 20.7206 38.372 4.43958 
4.32006 4.40219 -4.19082 12.6478 -18.0321 5.79473 11.0507 20.7215 38.3115 4.26734 
4.42185 4.50487 -4.10188 12.69 -18.0458 5.76206 11.2273 20.721 38.2504 4.09862 
4.52141 4.60673 -4.01538 12.7313 -18.0585 5.72968 11.3996 20.7191 38.1887 3.93349 
0.0986982 0.101534 0.0855434 0.0409769 -0.0123433 -0.0322762 0.170562 -0.00253588 -0.0619409 -0.163727 
0.0919921 0.144237 0.0593953 0.0220721 0.0108159 -0.0486017 0.145626 -0.0556895 -0.121893 -0.160698 
0.0711235 0.178671 0.0183367 -0.00520928 0.0386112 -0.0627197 0.0945703 -0.115335 -0.181026 -0.135282 
0.0230623 0.195769 -0.0509708 -0.0498968 0.0747319 -0.072356 -0.00602848 -0.186077 -0.236254 -0.0669801 
-0.0520691 0.143358 -0.134337 -0.158797 0.0973226 -0.0686377 -0.133526 -0.217924 -0.200749 0.0405674 
-0.0613207 0.120987 -0.146106 -0.236473 0.0937398 -0.0741963 -0.132009 -0.209119 -0.155479 0.0402799 
-0.0589145 0.104265 -0.145283 -0.308339 0.0856579 -0.0814613 -0.107749 -0.193424 -0.109073 0.0208845 
-0.0437905 0.0939604 -0.130774 -0.373659 0.0727772 -0.090635 -0.0587859 -0.170456 -0.0618501 -0.0193427 
-0.00608 0.0955214 -0.0920122 -0.426992 0.0515679 -0.103293 0.0338725 -0.135011 -0.0139626 -0.096561 
0.214937 0.20818 0.148498 -0.372539 -0.0342614 -0.149062 0.485791 -0.00693837 0.00413414 -0.482714 
-0.0174907 -0.0129385 -0.0187056 -0.0755772 0.00642443 -0.00751034 -0.0242873 -0.00969346 0.031006 0.0170034 
0.0130556 0.00276837 0.0140468 -0.122302 -0.00420343 -0.0234087 0.0456695 0.00531478 0.053559 -0.0469231 
-0.0419036 -0.0150794 -0.0501213 -0.206579 0.0242156 -0.0275922 -0.0616686 -0.0411388 0.061011 0.035497 
-0.0160257 0.0143739 -0.0270031 -0.242936 0.0234347 -0.0457649 -0.00989932 -0.0450677 0.055124 -0.0184569 
0.0534346 0.071929 0.0427428 -0.251442 0.00818416 -0.0720197 0.126446 -0.0286677 0.0369306 -0.145807 
0.0150218 0.0757352 -0.00705965 -0.316976 0.0368856 -0.0813707 0.044551 -0.0785421 0.0213264 -0.0893648 
-0.228413 0.0117487 -0.303642 -0.471801 0.182594 -0.0635803 -0.505473 -0.307302 -0.0293079 0.34679 
-0.206921 0.0874883 -0.293023 -0.476909 0.212886 -0.0934947 -0.490754 -0.361272 -0.13108 0.304357 
-0.176666 0.167734 -0.272158 -0.477156 0.239289 -0.124971 -0.457203 -0.409356 -0.234411 0.246013 
-0.135356 0.253486 -0.238265 -0.471414 0.260684 -0.158389 -0.399768 -0.449824 -0.339349 0.167556 
0.0597449 0.0944993 0.0558551 0.0153702 0.0127931 -0.0365855 0.0975622 -0.0273022 -0.106744 -0.112097 
0.0295736 0.136186 0.0101687 -0.0245212 0.062063 -0.0559764 0.00519651 -0.108536 -0.183784 -0.0614594 
-0.0747055 0.113738 -0.108054 -0.126511 0.130704 -0.0570668 -0.234962 -0.215258 -0.192176 0.123316 
-0.0547805 0.149779 -0.0786657 -0.164088 0.139653 -0.0797675 -0.200975 -0.230189 -0.210988 0.0787577 
-0.0264098 0.189625 -0.0391367 -0.197428 0.144418 -0.103916 -0.14814 -0.238668 -0.230174 0.0185042 
0.0240775 0.238278 0.0276039 -0.220618 0.137517 -0.131666 -0.0451174 -0.228989 -0.247849 -0.0831111 
0.0783699 0.259729 0.115372 -0.2654 0.110653 -0.155014 0.085577 -0.18539 -0.200811 -0.196673 
0.0655077 0.238976 0.129157 -0.353711 0.110885 -0.164207 0.0697261 -0.182942 -0.122515 -0.183727 
9.90896e-05 0.18637 0.0844675 -0.475358 0.133457 -0.16239 -0.0628722 -0.214844 -0.0216733 -0.0705112 
0.136656 0.234512 0.29117 -0.487212 0.0510008 -0.201309 0.279762 -0.0850299 0.0520352 -0.355068 
-0.0398968 -0.0430756 -0.00611086 -0.113785 0.00840613 -0.00278197 -0.0778233 -0.0114315 0.118672 0.0688798 
-0.00192823 -0.0389231 0.0790253 -0.17715 -0.0188167 -0.0232029 0.0262353 0.0329814 0.201118 -0.0182487 
0.00685182 0.00070736 0.100603 -0.21789 0.00396957 -0.0484314 0.0292949 0.00218793 0.166143 -0.0429277 
-0.00107729 0.0402985 0.0964088 -0.261798 0.0413174 -0.0721043 -0.0125822 -0.0506647 0.113947 -0.0336272 
0.0341266 0.128303 0.132789 -0.25932 0.0752644 -0.110714 0.0322547 -0.0954136 -0.0160424 -0.109615 
-0.137095 0.102231 -0.092988 -0.391316 0.217825 -0.104511 -0.423642 -0.305564 -0.0759647 0.237231 
-0.106184 0.179677 -0.0537796 -0.399364 0.249891 -0.14189 -0.382665 -0.343766 -0.186566 0.166566 
-0.0596518 0.264742 0.00626112 -0.398123 0.273078 -0.182591 -0.302718 -0.368205 -0.300247 0.0633527 
0.017223 0.363116 0.107833 -0.38009 0.27787 -0.229497 -0.145774 -0.364198 -0.416062 -0.103496 
0.161256 0.458345 0.324712 -0.352261 0.214313 -0.284885 0.213003 -0.257501 -0.448062 -0.42164 
-0.0152878 -0.00264162 0.017143 -0.0846708 0.0164896 -0.0156058 -0.0402332 -0.0207676 0.0589385 0.0238392 
0.0239904 0.0281169 0.103458 -0.131137 0.00501494 -0.0451527 0.0576608 0.00331631 0.0875698 -0.0706634 
-0.0175521 0.0233936 0.0785608 -0.223566 0.0463697 -0.0574128 -0.0581939 -0.0534013 0.121756 0.0105058 
0.0393483 0.0838736 0.177232 -0.242358 0.0411058 -0.0962403 0.0729666 -0.0336511 0.0867146 -0.122747 
-0.0701892 0.0662353 0.0449208 -0.36241 0.142806 -0.0978352 -0.237271 -0.1777 0.0766472 0.108978 
-0.0419481 0.12364 0.098905 -0.390485 0.164688 -0.133281 -0.187785 -0.195814 0.015585 0.0373389 
0.00901758 0.193011 0.184213 -0.403661 0.172967 -0.174295 -0.0781659 -0.192553 -0.052894 -0.084787 
0.268283 0.3348 0.62533 -0.303276 -0.0106433 -0.273479 0.707405 0.100501 -0.0713778 -0.748741 
0.256239 0.332971 0.657036 -0.400817 0.00551202 -0.292463 0.669496 0.0815155 0.0180179 -0.728127 
0.240049 0.328977 0.682468 -0.501363 0.0247786 -0.31022 0.618975 0.0576762 0.108899 -0.697043 
-0.021171 -0.00655369 0.0178619 -0.104123 0.0230512 -0.0162955 -0.0657047 -0.0297166 0.0925144 0.0436592 
0.0198399 0.0247819 0.126526 -0.158506 0.00524062 -0.052581 0.054292 0.00791738 0.143053 -0.0705735 
-0.0481337 0.0158036 0.0562672 -0.278426 0.087449 -0.0612793 -0.169073 -0.098996 0.171079 0.0887289 
-0.0235577 0.0612558 0.124716 -0.324747 0.106558 -0.0993339 -0.114228 -0.103184 0.14374 0.0126631 
0.0536559 0.139161 0.272418 -0.327381 0.0911216 -0.154786 0.0994465 -0.049853 0.0786648 -0.198856 
0.0149356 0.16013 0.235633 -0.414341 0.168915 -0.176581 -0.0465397 -0.137868 0.0414147 -0.114931 
0.128672 0.255972 0.856057 -0.155182 -0.162972 -0.482184 1.42035 0.663896 -0.608352 -1.43707 
0.115356 0.28555 0.69346 -0.297703 0.14862 -0.531354 1.27979 0.600286 -1.05454 -1.51279 
0.0924538 0.309787 0.476515 -0.469595 0.50367 -0.561776 1.02547 0.475068 -1.47989 -1.49847 
0.0540064 0.324513 0.173954 -0.691245 0.922536 -0.560771 0.588193 0.250429 -1.85389 -1.33525 
-0.0592584 -0.00114622 -0.409378 -0.296388 0.481752 0.0477721 -0.680816 -0.358243 -0.23986 0.376109 
-0.0525091 0.0276354 -0.443084 -0.418498 0.609127 -0.0243946 -0.584714 -0.297128 -0.473509 0.173659 
-0.037773 0.0597069 -0.429297 -0.519982 0.689114 -0.111268 -0.391154 -0.183569 -0.699551 -0.0993466 
-0.00994841 0.0960777 -0.335518 -0.591164 0.681343 -0.221087 -0.0369149 0.016081 -0.888875 -0.482502 
0.0291474 0.125143 -0.15715 -0.672111 0.502731 -0.335634 0.447808 0.281884 -0.801007 -0.892213 
-0.0217012 -0.0136504 -0.125613 -0.271477 0.0489476 0.0247521 -0.256143 -0.139847 0.413312 0.212733 
0.000318641 -0.000289658 -0.0182903 -0.413754 -0.0964555 -0.0463433 0.00946455 0.00498442 0.676968 0.00709199 
0.0330497 0.0352849 0.14867 -0.467259 -0.157033 -0.168513 0.412915 0.231029 0.563011 -0.39718 
0.0316986 0.0582786 0.125034 -0.596905 0.00180689 -0.230358 0.411181 0.239227 0.396987 -0.520538 
0.0218129 0.077715 0.0551915 -0.746466 0.211042 -0.276878 0.310393 0.193976 0.227016 -0.57298 
-0.025864 0.0121187 -0.152689 -0.187648 0.297627 -0.0173388 -0.283608 -0.144187 -0.162475 0.0815871 
-0.0162348 0.0392389 -0.106688 -0.289399 0.387766 -0.0999876 -0.156955 -0.0667245 -0.310939 -0.132095 
0.011719 0.0710785 0.0487586 -0.355166 0.341214 -0.213186 0.185188 0.126004 -0.387009 -0.483365 
-0.00991033 0.0676794 -0.0430899 -0.576935 0.475927 -0.210475 -0.0587335 -0.00345275 -0.176119 -0.339904 
-0.011885 0.0637206 -0.000895072 -0.770435 0.413781 -0.230701 -0.0832623 -0.0180047 0.237435 -0.301935 
0.0576651 0.0978352 0.469885 -0.758803 -0.0676366 -0.419663 0.730201 0.42528 0.504789 -0.884435 
0.0396299 0.0920485 0.477256 -0.949592 0.0143683 -0.423091 0.53127 0.318184 0.820636 -0.75883 
0.0076776 0.0807444 0.412954 -1.16914 0.189283 -0.399925 0.180352 0.128665 1.12658 -0.53149 
-0.0641051 0.0656787 0.127337 -1.43986 0.732918 -0.323854 -0.583598 -0.279547 1.16098 -0.0982119 
-0.0152986 0.123197 0.470363 -1.37364 0.689023 -0.535934 -0.000407478 0.0561679 0.729463 -0.72144 
0.0396142 0.134848 0.208286 0.270331 0.91132 -0.439549 0.535132 0.385062 -2.10006 -1.21658 
-0.0968856 0.110445 -0.35308 -0.0667385 2.32175 -0.17666 -0.67982 -0.264977 -2.33193 -0.773153 
-0.133885 0.099956 -0.326198 -0.24792 2.56939 -0.103648 -1.01831 -0.448636 -2.02435 -0.60699 
-0.162769 0.091508 -0.253784 -0.414753 2.72906 -0.0492989 -1.2831 -0.592424 -1.69033 -0.469899 
-0.181931 0.0860452 -0.128082 -0.563383 2.78896 -0.0189554 -1.45868 -0.687541 -1.33537 -0.372125 
-0.200069 0.080932 0.00315535 -0.71003 2.8387 0.00875185 -1.62478 -0.777464 -0.978896 -0.27879 
-0.213708 0.0774776 0.158347 -0.847764 2.84523 0.0245392 -1.74913 -0.844406 -0.618261 -0.205992 
-0.222645 0.075863 0.33832 -0.975996 2.80768 0.0275419 -1.82962 -0.887123 -0.255385 -0.155572 
-0.226807 0.0762094 0.543218 -1.09442 2.72629 0.0172754 -1.86534 -0.90505 0.10792 -0.128681 
-0.226253 0.0785769 0.772496 -1.20303 2.60241 -0.00635438 -1.85663 -0.898314 0.469966 -0.125765 
0.00508157 0.0043884 0.25243 -0.0990734 -0.163855 -0.036697 0.0515625 0.0305838 0.359229 -0.0208077 
0 0 0 0 0 0 0 0 0 0 

TrainingDirectionNormHistory:
39.2189 41.7679 45.3058 51.102 51.1033 51.1046 51.1057 51.1064 51.1067 0.29997 0.317413 0.340716 0.386948 0.43356 0.443746 0.453708 0.466573 0.492111 0.861881 0.0925589 0.151932 0.242891 0.261462 0.343172 0.362024 0.935707 0.948161 0.962314 0.979801 0.227116 0.276536 0.469276 0.478028 0.490968 0.515602 0.560643 0.574062 0.606274 0.808227 0.203776 0.287395 0.300524 0.321254 0.377949 0.764384 0.784652 0.813311 0.869389 1.04063 0.11963 0.21755 0.289186 0.37246 0.527506 0.547208 0.589645 1.34841 1.35639 1.36529 0.167672 0.270903 0.412532 0.437104 0.542221 0.590658 2.44775 2.52341 2.61422 2.7222 1.13321 1.19631 1.27784 1.4174 1.60498 0.628007 0.800892 0.997213 1.04128 1.09626 0.531509 0.632864 0.853917 0.8719 0.988437 1.65567 1.718 1.82771 2.12512 1.98526 2.73585 3.48431 3.53737 3.57727 3.56021 3.59017 3.61781 3.63732 3.64826 3.65578 0.484612 0 
TrainingRateHistory:
0.0299069 6.01445e-270 0 0 0 0 0 0 0 0 0 0 0 0 0 0 0 0 0 0 0 0 0 0 0 0 0 0 0 0 0 0 0 0 0 0 0 0 0 0 0 0 0 0 0 0 0 0 0 0 0 0 0 0 0 0 0 0 0 0 0 0 0 0 0 0 0 0 0 0 0 0 0 0 0 0 0 0 0 0 0 0 0 0 0 0 0 0 0 0 0 0 0 0 0 0 0 0 0 0 0 
